Step Time(ns) rpsystem.singlet rpsystem.t0 rpsystem.tp rpsystem.tm rpsystem.identity 
1 0 1 0 0 0 1 
1 1 0.996208 0.00143905 0.00117673 0.0011759 1 
1 2 0.984937 0.0057163 0.00467647 0.00467005 1 
1 3 0.966494 0.0127132 0.0104067 0.010386 1 
1 4 0.941378 0.0222369 0.0182158 0.0181694 1 
1 5 0.910259 0.0340282 0.0278989 0.027814 1 
1 6 0.873953 0.0477711 0.0392061 0.0390701 1 
1 7 0.833388 0.0631055 0.051852 0.0516543 1 
1 8 0.789572 0.0796403 0.0655268 0.0652606 1 
1 9 0.743553 0.0969681 0.0799076 0.0795717 1 
1 10 0.69638 0.114679 0.0946705 0.0942704 1 
1 11 0.64907 0.132377 0.109502 0.109051 1 
1 12 0.602574 0.149689 0.124107 0.12363 1 
1 13 0.557746 0.166279 0.138223 0.137752 1 
1 14 0.515318 0.181859 0.151623 0.1512 1 
1 15 0.47589 0.19619 0.164122 0.163798 1 
1 16 0.43991 0.209094 0.17558 0.175416 1 
1 17 0.40768 0.220449 0.185904 0.185968 1 
1 18 0.379349 0.230193 0.195048 0.19541 1 
1 19 0.354933 0.238319 0.203007 0.203741 1 
1 20 0.33432 0.244872 0.209814 0.210995 1 
1 21 0.317295 0.249937 0.215535 0.217233 1 
1 22 0.303559 0.25364 0.220259 0.222542 1 
1 23 0.292752 0.256131 0.224096 0.227021 1 
1 24 0.284479 0.257579 0.227163 0.230779 1 
1 25 0.278331 0.258165 0.22958 0.233924 1 
1 26 0.273908 0.25807 0.231463 0.236559 1 
1 27 0.270835 0.257471 0.232918 0.238776 1 
1 28 0.268782 0.256531 0.234035 0.240652 1 
1 29 0.26747 0.255397 0.234886 0.242246 1 
1 30 0.266681 0.254198 0.235524 0.243598 1 
1 31 0.266261 0.253036 0.235978 0.244726 1 
1 32 0.266118 0.251991 0.236258 0.245632 1 
1 33 0.266221 0.251121 0.236356 0.246301 1 
1 34 0.266589 0.25046 0.236247 0.246703 1 
1 35 0.267284 0.250021 0.235894 0.246801 1 
1 36 0.268399 0.2498 0.235253 0.246548 1 
1 37 0.270048 0.249778 0.234274 0.2459 1 
1 38 0.272353 0.249926 0.23291 0.244811 1 
1 39 0.275434 0.250205 0.231117 0.243244 1 
1 40 0.279395 0.250571 0.228863 0.241171 1 
1 41 0.284323 0.25098 0.226124 0.238573 1 
1 42 0.290274 0.251385 0.222893 0.235447 1 
1 43 0.297272 0.251745 0.219177 0.231806 1 
1 44 0.305304 0.252021 0.215001 0.227674 1 
1 45 0.314322 0.25218 0.210404 0.223094 1 
1 46 0.324242 0.252196 0.205444 0.218118 1 
1 47 0.334949 0.252047 0.200191 0.212813 1 
1 48 0.346298 0.251723 0.194725 0.207254 1 
1 49 0.358122 0.251217 0.189138 0.201523 1 
1 50 0.370236 0.25053 0.183527 0.195708 1 
1 51 0.382445 0.249669 0.17799 0.189897 1 
1 52 0.394549 0.248646 0.172628 0.184177 1 
1 53 0.406349 0.247481 0.167535 0.178635 1 
1 54 0.417654 0.246196 0.162801 0.173349 1 
1 55 0.428284 0.244816 0.158508 0.168392 1 
1 56 0.438075 0.243373 0.154725 0.163827 1 
1 57 0.446885 0.241897 0.15151 0.159709 1 
1 58 0.45459 0.240422 0.148907 0.156081 1 
1 59 0.461092 0.238983 0.146945 0.152979 1 
1 60 0.466318 0.237616 0.145641 0.150426 1 
1 61 0.470217 0.236354 0.144995 0.148435 1 
1 62 0.472763 0.23523 0.144996 0.147011 1 
1 63 0.473953 0.234276 0.14562 0.146151 1 
1 64 0.473804 0.233519 0.146832 0.145845 1 
1 65 0.472351 0.232983 0.148589 0.146077 1 
1 66 0.469647 0.232689 0.15084 0.146824 1 
1 67 0.46576 0.232651 0.153527 0.148062 1 
1 68 0.460768 0.232879 0.15659 0.149763 1 
1 69 0.45476 0.233374 0.159968 0.151898 1 
1 70 0.447832 0.234135 0.163599 0.154435 1 
1 71 0.440086 0.23515 0.167423 0.157342 1 
1 72 0.431627 0.236403 0.17138 0.16059 1 
1 73 0.422564 0.237871 0.17542 0.164146 1 
1 74 0.413004 0.239525 0.179492 0.16798 1 
1 75 0.403053 0.241332 0.183554 0.172061 1 
1 76 0.392819 0.243251 0.187569 0.176362 1 
1 77 0.382402 0.245241 0.191506 0.18085 1 
1 78 0.371903 0.247257 0.195342 0.185498 1 
1 79 0.361416 0.249252 0.199057 0.190275 1 
1 80 0.351031 0.251181 0.202638 0.195151 1 
1 81 0.340832 0.252999 0.206075 0.200093 1 
1 82 0.330901 0.254665 0.209364 0.20507 1 
1 83 0.321309 0.25614 0.212503 0.210048 1 
1 84 0.312125 0.257392 0.21549 0.214992 1 
1 85 0.303411 0.258396 0.218328 0.219865 1 
1 86 0.295221 0.259133 0.221017 0.224629 1 
1 87 0.287603 0.259592 0.223558 0.229247 1 
1 88 0.280599 0.259771 0.22595 0.23368 1 
1 89 0.274243 0.259677 0.228191 0.237889 1 
1 90 0.268564 0.259324 0.230276 0.241836 1 
1 91 0.263582 0.258736 0.232197 0.245484 1 
1 92 0.259311 0.257944 0.233945 0.248799 1 
1 93 0.255758 0.256986 0.235508 0.251748 1 
1 94 0.252922 0.255903 0.236872 0.254303 1 
1 95 0.250796 0.254743 0.238021 0.256439 1 
1 96 0.249368 0.253556 0.238938 0.258138 1 
1 97 0.248617 0.252392 0.239607 0.259384 1 
1 98 0.248519 0.2513 0.240011 0.26017 1 
1 99 0.249042 0.25033 0.240135 0.260493 1 
1 100 0.250151 0.249523 0.239967 0.260359 1 
1 101 0.251807 0.248919 0.239498 0.259777 1 
1 102 0.253965 0.248549 0.238722 0.258764 1 
1 103 0.25658 0.248437 0.237638 0.257345 1 
1 104 0.259603 0.248598 0.236251 0.255548 1 
1 105 0.262984 0.249038 0.234571 0.253406 1 
1 106 0.266673 0.249755 0.232613 0.250959 1 
1 107 0.270619 0.250736 0.230399 0.248247 1 
1 108 0.274771 0.251959 0.227954 0.245315 1 
1 109 0.279083 0.253397 0.225311 0.242209 1 
1 110 0.283507 0.255012 0.222505 0.238976 1 
1 111 0.287999 0.256763 0.219576 0.235662 1 
1 112 0.292519 0.258603 0.216566 0.232312 1 
1 113 0.297029 0.260484 0.213518 0.228969 1 
1 114 0.301496 0.262356 0.210476 0.225672 1 
1 115 0.305891 0.264167 0.207485 0.222457 1 
1 116 0.310187 0.265872 0.204586 0.219355 1 
1 117 0.314364 0.267424 0.201818 0.216394 1 
1 118 0.318403 0.268786 0.199217 0.213593 1 
1 119 0.322292 0.269924 0.196813 0.210971 1 
1 120 0.326019 0.270812 0.194633 0.208536 1 
1 121 0.329578 0.271432 0.192695 0.206295 1 
1 122 0.332965 0.271772 0.191014 0.204248 1 
1 123 0.336177 0.271832 0.189598 0.202394 1 
1 124 0.339213 0.271616 0.188447 0.200724 1 
1 125 0.342075 0.271138 0.187558 0.199228 1 
1 126 0.344763 0.270419 0.186922 0.197896 1 
1 127 0.347278 0.269484 0.186524 0.196714 1 
1 128 0.349621 0.268365 0.186347 0.195668 1 
1 129 0.351789 0.267095 0.186369 0.194746 1 
1 130 0.353781 0.265714 0.18657 0.193936 1 
1 131 0.355589 0.264258 0.186925 0.193228 1 
1 132 0.357207 0.262766 0.187411 0.192616 1 
1 133 0.358622 0.261275 0.188006 0.192096 1 
1 134 0.359821 0.25982 0.18869 0.191669 1 
1 135 0.360786 0.258433 0.189445 0.191336 1 
1 136 0.361496 0.25714 0.190257 0.191107 1 
1 137 0.36193 0.255963 0.191115 0.190992 1 
1 138 0.362062 0.254921 0.192012 0.191005 1 
1 139 0.361867 0.254026 0.192945 0.191163 1 
1 140 0.361318 0.253283 0.193914 0.191485 1 
1 141 0.360391 0.252696 0.194924 0.191989 1 
1 142 0.359062 0.252259 0.195982 0.192698 1 
1 143 0.357311 0.251966 0.197095 0.193628 1 
1 144 0.355123 0.251804 0.198276 0.194796 1 
1 145 0.352487 0.251759 0.199535 0.196218 1 
1 146 0.349401 0.251814 0.200883 0.197901 1 
1 147 0.345869 0.25195 0.202329 0.199852 1 
1 148 0.341905 0.252148 0.20388 0.202068 1 
1 149 0.337531 0.252386 0.205541 0.204542 1 
1 150 0.332782 0.252646 0.207312 0.207259 1 
1 151 0.3277 0.25291 0.20919 0.210199 1 
1 152 0.322338 0.253162 0.211167 0.213333 1 
1 153 0.316758 0.253386 0.21323 0.216626 1 
1 154 0.31103 0.253572 0.215361 0.220037 1 
1 155 0.305233 0.253709 0.217538 0.22352 1 
1 156 0.299448 0.253793 0.219734 0.227025 1 
1 157 0.293764 0.253818 0.221919 0.2305 1 
1 158 0.288267 0.253784 0.22406 0.233889 1 
1 159 0.283047 0.253692 0.226122 0.237138 1 
1 160 0.278189 0.253548 0.228069 0.240195 1 
1 161 0.273773 0.253356 0.229864 0.243007 1 
1 162 0.269873 0.253124 0.231472 0.24553 1 
1 163 0.266553 0.252862 0.232861 0.247724 1 
1 164 0.263866 0.25258 0.234001 0.249554 1 
1 165 0.261854 0.252287 0.234865 0.250994 1 
1 166 0.260544 0.251996 0.235433 0.252027 1 
1 167 0.259951 0.251717 0.235688 0.252644 1 
1 168 0.260073 0.25146 0.235622 0.252844 1 
1 169 0.260897 0.251237 0.23523 0.252636 1 
1 170 0.262393 0.251055 0.234516 0.252036 1 
1 171 0.264521 0.250924 0.233487 0.251068 1 
1 172 0.267228 0.25085 0.232159 0.249762 1 
1 173 0.270453 0.25084 0.230551 0.248156 1 
1 174 0.274125 0.250898 0.228689 0.246288 1 
1 175 0.27817 0.251027 0.226602 0.244202 1 
1 176 0.282509 0.251227 0.224321 0.241943 1 
1 177 0.287063 0.2515 0.221882 0.239556 1 
1 178 0.291752 0.251842 0.219321 0.237085 1 
1 179 0.2965 0.252251 0.216675 0.234574 1 
1 180 0.301237 0.252721 0.213982 0.23206 1 
1 181 0.305899 0.253244 0.211278 0.229579 1 
1 182 0.310426 0.253813 0.208597 0.227163 1 
1 183 0.314772 0.254418 0.205973 0.224837 1 
1 184 0.318897 0.255045 0.203435 0.222623 1 
1 185 0.32277 0.255684 0.20101 0.220536 1 
1 186 0.32637 0.256319 0.198722 0.218589 1 
1 187 0.329685 0.256937 0.196591 0.216787 1 
1 188 0.33271 0.257522 0.194634 0.215134 1 
1 189 0.335448 0.258061 0.192862 0.213629 1 
1 190 0.337907 0.258538 0.191286 0.212269 1 
1 191 0.3401 0.258939 0.189912 0.211049 1 
1 192 0.342044 0.259253 0.188742 0.209961 1 
1 193 0.343756 0.259468 0.187777 0.208999 1 
1 194 0.345254 0.259577 0.187014 0.208155 1 
1 195 0.346557 0.259573 0.186448 0.207422 1 
1 196 0.34768 0.259453 0.186073 0.206793 1 
1 197 0.348638 0.259216 0.185882 0.206264 1 
1 198 0.349439 0.258866 0.185864 0.205831 1 
1 199 0.350091 0.258407 0.186012 0.20549 1 
1 200 0.350594 0.25785 0.186313 0.205243 1 
1 201 0.350947 0.257204 0.18676 0.205089 1 
1 202 0.351144 0.256485 0.187342 0.205029 1 
1 203 0.351175 0.255708 0.188049 0.205068 1 
1 204 0.351028 0.25489 0.188873 0.205209 1 
1 205 0.350686 0.25405 0.189808 0.205456 1 
1 206 0.350136 0.253206 0.190845 0.205813 1 
1 207 0.349359 0.252377 0.19198 0.206284 1 
1 208 0.34834 0.251579 0.193207 0.206873 1 
1 209 0.347064 0.250829 0.194524 0.207583 1 
1 210 0.345519 0.250139 0.195927 0.208414 1 
1 211 0.343698 0.249521 0.197414 0.209368 1 
1 212 0.341594 0.248983 0.198982 0.210442 1 
1 213 0.339208 0.248529 0.200629 0.211633 1 
1 214 0.336547 0.248163 0.202352 0.212938 1 
1 215 0.333622 0.247882 0.204148 0.214348 1 
1 216 0.330448 0.247683 0.206013 0.215856 1 
1 217 0.327051 0.24756 0.207939 0.217451 1 
1 218 0.323458 0.247503 0.209919 0.219121 1 
1 219 0.319703 0.247502 0.211944 0.220852 1 
1 220 0.315824 0.247546 0.214 0.22263 1 
1 221 0.311865 0.247623 0.216075 0.224437 1 
1 222 0.307871 0.24772 0.218151 0.226258 1 
1 223 0.30389 0.247827 0.220209 0.228075 1 
1 224 0.299972 0.247932 0.222228 0.229868 1 
1 225 0.296168 0.248027 0.224186 0.231619 1 
1 226 0.292525 0.248105 0.226059 0.23331 1 
1 227 0.289093 0.248162 0.227822 0.234923 1 
1 228 0.285916 0.248193 0.22945 0.236441 1 
1 229 0.283035 0.248201 0.230917 0.237847 1 
1 230 0.280489 0.248186 0.232199 0.239126 1 
1 231 0.27831 0.248152 0.233275 0.240263 1 
1 232 0.276524 0.248106 0.234122 0.241247 1 
1 233 0.275154 0.248055 0.234724 0.242067 1 
1 234 0.274215 0.248006 0.235065 0.242714 1 
1 235 0.273716 0.247969 0.235134 0.243182 1 
1 236 0.27366 0.247951 0.234925 0.243465 1 
1 237 0.274045 0.24796 0.234434 0.243561 1 
1 238 0.274863 0.248005 0.233663 0.24347 1 
1 239 0.276101 0.248089 0.232618 0.243193 1 
1 240 0.27774 0.248216 0.23131 0.242734 1 
1 241 0.279759 0.248388 0.229755 0.242098 1 
1 242 0.282132 0.248605 0.22797 0.241293 1 
1 243 0.28483 0.248864 0.225979 0.240327 1 
1 244 0.287821 0.249159 0.223807 0.239213 1 
1 245 0.29107 0.249485 0.221484 0.237961 1 
1 246 0.294543 0.249832 0.219041 0.236584 1 
1 247 0.298202 0.250191 0.216508 0.235099 1 
1 248 0.302009 0.250551 0.213921 0.233519 1 
1 249 0.305924 0.250901 0.211313 0.231862 1 
1 250 0.309909 0.25123 0.208718 0.230143 1 
1 251 0.313924 0.251528 0.206167 0.228381 1 
1 252 0.317929 0.251786 0.203693 0.226592 1 
1 253 0.321887 0.251995 0.201325 0.224794 1 
1 254 0.325759 0.252148 0.199089 0.223004 1 
1 255 0.329508 0.252243 0.197011 0.221238 1 
1 256 0.333099 0.252275 0.195112 0.219514 1 
1 257 0.336499 0.252246 0.193408 0.217847 1 
1 258 0.339678 0.252156 0.191915 0.216251 1 
1 259 0.342609 0.252009 0.190642 0.21474 1 
1 260 0.345266 0.25181 0.189597 0.213327 1 
1 261 0.34763 0.251565 0.188782 0.212022 1 
1 262 0.349686 0.251281 0.188196 0.210837 1 
1 263 0.351421 0.250965 0.187836 0.209778 1 
1 264 0.352829 0.250625 0.187693 0.208853 1 
1 265 0.35391 0.250267 0.187757 0.208067 1 
1 266 0.354665 0.249897 0.188015 0.207423 1 
1 267 0.355104 0.249521 0.188453 0.206923 1 
1 268 0.355237 0.249143 0.189053 0.206567 1 
1 269 0.355082 0.248765 0.189798 0.206355 1 
1 270 0.354658 0.24839 0.190669 0.206283 1 
1 271 0.353986 0.248018 0.191648 0.206348 1 
1 272 0.353088 0.247649 0.192717 0.206546 1 
1 273 0.351989 0.247281 0.19386 0.20687 1 
1 274 0.350712 0.246914 0.19506 0.207314 1 
1 275 0.34928 0.246546 0.196303 0.207871 1 
1 276 0.347712 0.246177 0.197579 0.208533 1 
1 277 0.346027 0.245805 0.198876 0.209292 1 
1 278 0.344241 0.245431 0.200188 0.21014 1 
1 279 0.342364 0.245056 0.20151 0.21107 1 
1 280 0.340406 0.244683 0.202838 0.212072 1 
1 281 0.338374 0.244315 0.204172 0.213139 1 
1 282 0.336268 0.243957 0.205511 0.214263 1 
1 283 0.334092 0.243614 0.206858 0.215436 1 
1 284 0.331843 0.243293 0.208214 0.21665 1 
1 285 0.329521 0.242999 0.209582 0.217898 1 
1 286 0.327126 0.242739 0.210964 0.219171 1 
1 287 0.324656 0.242519 0.212362 0.220463 1 
1 288 0.322116 0.242345 0.213774 0.221766 1 
1 289 0.31951 0.24222 0.215199 0.223071 1 
1 290 0.316848 0.242149 0.216632 0.224371 1 
1 291 0.314142 0.242132 0.218068 0.225658 1 
1 292 0.311412 0.24217 0.219496 0.226923 1 
1 293 0.308679 0.24226 0.220904 0.228157 1 
1 294 0.305971 0.2424 0.222278 0.229351 1 
1 295 0.30332 0.242584 0.223601 0.230495 1 
1 296 0.300758 0.242807 0.224854 0.231581 1 
1 297 0.298325 0.243061 0.226017 0.232598 1 
1 298 0.296059 0.243338 0.227067 0.233536 1 
1 299 0.293999 0.24363 0.227984 0.234387 1 
1 300 0.292184 0.24393 0.228746 0.23514 1 
1 301 0.290652 0.24423 0.229332 0.235786 1 
1 302 0.289436 0.244522 0.229723 0.236319 1 
1 303 0.288566 0.244802 0.229904 0.236729 1 
1 304 0.288064 0.245064 0.229861 0.23701 1 
1 305 0.287951 0.245306 0.229585 0.237158 1 
1 306 0.288235 0.245526 0.22907 0.237168 1 
1 307 0.288922 0.245725 0.228315 0.237039 1 
1 308 0.290007 0.245902 0.227323 0.236769 1 
1 309 0.291479 0.24606 0.226102 0.236359 1 
1 310 0.293318 0.246202 0.224665 0.235814 1 
1 311 0.295501 0.246333 0.22303 0.235137 1 
1 312 0.297995 0.246454 0.221216 0.234335 1 
1 313 0.300765 0.246571 0.219248 0.233416 1 
1 314 0.303768 0.246687 0.217154 0.232391 1 
1 315 0.306963 0.246803 0.214964 0.231271 1 
1 316 0.310303 0.246922 0.212708 0.230068 1 
1 317 0.313742 0.247044 0.210419 0.228796 1 
1 318 0.317235 0.247168 0.208129 0.227469 1 
1 319 0.320737 0.247292 0.205869 0.226101 1 
1 320 0.324208 0.247414 0.20367 0.224707 1 
1 321 0.327609 0.247529 0.201559 0.223302 1 
1 322 0.330907 0.247633 0.199562 0.221898 1 
1 323 0.334073 0.247719 0.1977 0.220509 1 
1 324 0.337081 0.247781 0.195992 0.219146 1 
1 325 0.339913 0.247814 0.194454 0.217819 1 
1 326 0.342554 0.247813 0.193095 0.216538 1 
1 327 0.344996 0.247771 0.191924 0.21531 1 
1 328 0.347232 0.247684 0.190942 0.214142 1 
1 329 0.349261 0.247551 0.19015 0.213038 1 
1 330 0.351086 0.247367 0.189544 0.212002 1 
1 331 0.35271 0.247134 0.189118 0.211038 1 
1 332 0.354139 0.246852 0.188862 0.210147 1 
1 333 0.35538 0.246524 0.188765 0.209331 1 
1 334 0.35644 0.246152 0.188816 0.208591 1 
1 335 0.357326 0.245743 0.189002 0.20793 1 
1 336 0.358041 0.245302 0.189309 0.207348 1 
1 337 0.358591 0.244836 0.189725 0.206847 1 
1 338 0.358977 0.244352 0.190239 0.206432 1 
1 339 0.359198 0.243857 0.190839 0.206106 1 
1 340 0.359253 0.24336 0.191515 0.205872 1 
1 341 0.359135 0.242867 0.192261 0.205737 1 
1 342 0.358839 0.242386 0.19307 0.205705 1 
1 343 0.358357 0.241922 0.193938 0.205783 1 
1 344 0.35768 0.241481 0.194862 0.205976 1 
1 345 0.356799 0.241068 0.195841 0.206291 1 
1 346 0.355707 0.240687 0.196874 0.206733 1 
1 347 0.354396 0.240339 0.197961 0.207305 1 
1 348 0.35286 0.240028 0.199102 0.20801 1 
1 349 0.351098 0.239754 0.200299 0.208849 1 
1 350 0.349109 0.23952 0.20155 0.209821 1 
1 351 0.346899 0.239324 0.202855 0.210922 1 
1 352 0.344476 0.239168 0.20421 0.212146 1 
1 353 0.341853 0.239051 0.205611 0.213485 1 
1 354 0.339048 0.238975 0.207051 0.214926 1 
1 355 0.336085 0.238938 0.208521 0.216457 1 
1 356 0.332989 0.238942 0.21001 0.21806 1 
1 357 0.329792 0.238986 0.211504 0.219717 1 
1 358 0.32653 0.239072 0.212989 0.221409 1 
1 359 0.323239 0.2392 0.214448 0.223113 1 
1 360 0.319961 0.23937 0.21586 0.224809 1 
1 361 0.316736 0.239582 0.217208 0.226473 1 
1 362 0.313608 0.239836 0.218471 0.228085 1 
1 363 0.310619 0.24013 0.219628 0.229623 1 
1 364 0.307808 0.240463 0.220661 0.231068 1 
1 365 0.305216 0.240831 0.221552 0.232401 1 
1 366 0.302879 0.24123 0.222283 0.233608 1 
1 367 0.300828 0.241656 0.22284 0.234676 1 
1 368 0.299091 0.242102 0.223213 0.235594 1 
1 369 0.297691 0.24256 0.223392 0.236356 1 
1 370 0.296647 0.243024 0.223373 0.236956 1 
1 371 0.295968 0.243485 0.223153 0.237394 1 
1 372 0.295662 0.243933 0.222735 0.237669 1 
1 373 0.295729 0.24436 0.222124 0.237787 1 
1 374 0.296161 0.244758 0.221329 0.237752 1 
1 375 0.296948 0.245118 0.220362 0.237572 1 
1 376 0.298074 0.245435 0.219237 0.237255 1 
1 377 0.299515 0.245702 0.217971 0.236813 1 
1 378 0.301247 0.245915 0.216584 0.236254 1 
1 379 0.303241 0.246073 0.215095 0.235592 1 
1 380 0.305464 0.246175 0.213526 0.234835 1 
1 381 0.307882 0.246222 0.2119 0.233996 1 
1 382 0.31046 0.24622 0.210236 0.233084 1 
1 383 0.313163 0.246172 0.208556 0.232108 1 
1 384 0.315955 0.246086 0.206881 0.231079 1 
1 385 0.318801 0.245969 0.205227 0.230002 1 
1 386 0.321669 0.245832 0.203613 0.228886 1 
1 387 0.324529 0.245682 0.202052 0.227737 1 
1 388 0.327353 0.245529 0.200557 0.22656 1 
1 389 0.330117 0.245383 0.199139 0.225361 1 
1 390 0.332799 0.245252 0.197805 0.224144 1 
1 391 0.335382 0.245141 0.196563 0.222914 1 
1 392 0.337853 0.245057 0.195414 0.221675 1 
1 393 0.340201 0.245003 0.194363 0.220433 1 
1 394 0.342418 0.244981 0.193409 0.219192 1 
1 395 0.344501 0.244989 0.192553 0.217957 1 
1 396 0.346448 0.245026 0.191792 0.216735 1 
1 397 0.348259 0.245085 0.191124 0.215532 1 
1 398 0.349935 0.245162 0.190547 0.214356 1 
1 399 0.351479 0.245249 0.190058 0.213215 1 
1 400 0.352894 0.245335 0.189655 0.212116 1 
1 401 0.354182 0.245412 0.189336 0.21107 1 
1 402 0.355344 0.24547 0.1891 0.210086 1 
1 403 0.356383 0.245498 0.188946 0.209173 1 
1 404 0.357296 0.245489 0.188873 0.208342 1 
1 405 0.358081 0.245434 0.188884 0.207601 1 
1 406 0.358734 0.245326 0.18898 0.206961 1 
1 407 0.359247 0.245162 0.189162 0.206429 1 
1 408 0.359615 0.244938 0.189433 0.206014 1 
1 409 0.359826 0.244655 0.189797 0.205722 1 
1 410 0.359872 0.244314 0.190255 0.205559 1 
1 411 0.359742 0.24392 0.19081 0.205529 1 
1 412 0.359425 0.243479 0.191463 0.205633 1 
1 413 0.358913 0.242999 0.192215 0.205874 1 
1 414 0.358196 0.24249 0.193065 0.206249 1 
1 415 0.357269 0.241964 0.194012 0.206755 1 
1 416 0.356128 0.241433 0.195051 0.207388 1 
1 417 0.354772 0.240909 0.196178 0.20814 1 
1 418 0.353206 0.240406 0.197384 0.209005 1 
1 419 0.351436 0.239934 0.19866 0.20997 1 
1 420 0.349472 0.239507 0.199996 0.211026 1 
1 421 0.34733 0.239133 0.201377 0.21216 1 
1 422 0.345028 0.238824 0.202791 0.213357 1 
1 423 0.34259 0.238584 0.20422 0.214606 1 
1 424 0.34004 0.238421 0.205648 0.21589 1 
1 425 0.337408 0.238338 0.207057 0.217196 1 
1 426 0.334724 0.238337 0.20843 0.218509 1 
1 427 0.332021 0.238417 0.209747 0.219816 1 
1 428 0.32933 0.238577 0.21099 0.221103 1 
1 429 0.326685 0.238813 0.212144 0.222358 1 
1 430 0.324117 0.239121 0.213192 0.223569 1 
1 431 0.321659 0.239495 0.21412 0.224727 1 
1 432 0.319336 0.239928 0.214914 0.225822 1 
1 433 0.317177 0.240411 0.215565 0.226847 1 
1 434 0.315202 0.240939 0.216065 0.227795 1 
1 435 0.313431 0.241501 0.216406 0.228662 1 
1 436 0.311879 0.242089 0.216588 0.229444 1 
1 437 0.310558 0.242696 0.216608 0.230137 1 
1 438 0.309476 0.243313 0.216469 0.230742 1 
1 439 0.308635 0.243933 0.216176 0.231256 1 
1 440 0.308038 0.244546 0.215736 0.23168 1 
1 441 0.30768 0.245147 0.215159 0.232015 1 
1 442 0.307556 0.245728 0.214454 0.232261 1 
1 443 0.307659 0.246283 0.213636 0.232421 1 
1 444 0.307979 0.246806 0.212719 0.232496 1 
1 445 0.308504 0.247292 0.211718 0.232487 1 
1 446 0.309221 0.247734 0.210648 0.232396 1 
1 447 0.310119 0.24813 0.209526 0.232226 1 
1 448 0.311183 0.248474 0.208366 0.231976 1 
1 449 0.312401 0.248765 0.207185 0.231649 1 
1 450 0.31376 0.248999 0.205996 0.231245 1 
1 451 0.315246 0.249175 0.204812 0.230766 1 
1 452 0.316849 0.249293 0.203645 0.230213 1 
1 453 0.318556 0.249353 0.202505 0.229586 1 
1 454 0.320356 0.249357 0.2014 0.228888 1 
1 455 0.32224 0.249305 0.200336 0.228119 1 
1 456 0.324196 0.249203 0.199318 0.227283 1 
1 457 0.326214 0.249053 0.19835 0.226383 1 
1 458 0.328283 0.248862 0.197432 0.225423 1 
1 459 0.330392 0.248633 0.196567 0.224408 1 
1 460 0.332529 0.248373 0.195752 0.223345 1 
1 461 0.334682 0.248087 0.194988 0.222242 1 
1 462 0.336836 0.247782 0.194273 0.221108 1 
1 463 0.338977 0.247464 0.193606 0.219953 1 
1 464 0.341089 0.247136 0.192986 0.218789 1 
1 465 0.343155 0.246804 0.192412 0.217629 1 
1 466 0.345157 0.246471 0.191886 0.216486 1 
1 467 0.347077 0.246139 0.191408 0.215376 1 
1 468 0.348896 0.24581 0.190982 0.214312 1 
1 469 0.350595 0.245484 0.190611 0.21331 1 
1 470 0.352156 0.24516 0.190301 0.212383 1 
1 471 0.35356 0.244836 0.190058 0.211547 1 
1 472 0.354791 0.244509 0.189888 0.210812 1 
1 473 0.355835 0.244175 0.1898 0.21019 1 
1 474 0.356678 0.243831 0.1898 0.209691 1 
1 475 0.357309 0.243473 0.189898 0.209321 1 
1 476 0.357721 0.243095 0.1901 0.209084 1 
1 477 0.357909 0.242695 0.190413 0.208983 1 
1 478 0.357871 0.24227 0.190842 0.209017 1 
1 479 0.35761 0.241817 0.191391 0.209183 1 
1 480 0.357129 0.241336 0.192061 0.209474 1 
1 481 0.356437 0.240828 0.192853 0.209883 1 
1 482 0.355544 0.240294 0.193762 0.2104 1 
1 483 0.354465 0.239739 0.194784 0.211011 1 
1 484 0.353216 0.239169 0.195911 0.211705 1 
1 485 0.351814 0.238589 0.197131 0.212466 1 
1 486 0.350279 0.238009 0.198432 0.21328 1 
1 487 0.348633 0.237439 0.199797 0.214132 1 
1 488 0.346895 0.236888 0.201209 0.215007 1 
1 489 0.345089 0.236369 0.202649 0.215893 1 
1 490 0.343236 0.235891 0.204097 0.216776 1 
1 491 0.341355 0.235467 0.20553 0.217647 1 
1 492 0.339467 0.235108 0.206928 0.218497 1 
1 493 0.33759 0.234822 0.20827 0.219318 1 
1 494 0.33574 0.234618 0.209535 0.220107 1 
1 495 0.333933 0.234504 0.210704 0.220859 1 
1 496 0.332181 0.234483 0.211761 0.221575 1 
1 497 0.330495 0.23456 0.21269 0.222255 1 
1 498 0.328885 0.234735 0.213479 0.222901 1 
1 499 0.327357 0.235006 0.21412 0.223517 1 
1 500 0.325918 0.23537 0.214606 0.224106 1 
1 501 0.32457 0.235822 0.214934 0.224674 1 
1 502 0.323318 0.236353 0.215104 0.225225 1 
1 503 0.322164 0.236955 0.21512 0.225761 1 
1 504 0.321107 0.237617 0.214989 0.226287 1 
1 505 0.320151 0.238327 0.214719 0.226804 1 
1 506 0.319294 0.239073 0.214321 0.227312 1 
1 507 0.31854 0.239842 0.213808 0.22781 1 
1 508 0.317888 0.240621 0.213195 0.228295 1 
1 509 0.317341 0.241399 0.212498 0.228762 1 
1 510 0.316903 0.242162 0.211731 0.229204 1 
1 511 0.316576 0.2429 0.210912 0.229613 1 
1 512 0.316364 0.243603 0.210055 0.229978 1 
1 513 0.316273 0.244263 0.209174 0.23029 1 
1 514 0.316308 0.244871 0.208284 0.230536 1 
1 515 0.316474 0.245423 0.207397 0.230706 1 
1 516 0.316777 0.245914 0.206522 0.230788 1 
1 517 0.317221 0.24634 0.205669 0.230771 1 
1 518 0.317811 0.2467 0.204843 0.230646 1 
1 519 0.318549 0.246994 0.204052 0.230405 1 
1 520 0.319438 0.247221 0.203297 0.230044 1 
1 521 0.320474 0.247384 0.202581 0.22956 1 
1 522 0.321657 0.247485 0.201906 0.228952 1 
1 523 0.322979 0.247526 0.20127 0.228225 1 
1 524 0.324433 0.247511 0.200674 0.227383 1 
1 525 0.326006 0.247443 0.200115 0.226437 1 
1 526 0.327684 0.247326 0.199592 0.225398 1 
1 527 0.32945 0.247164 0.199104 0.224282 1 
1 528 0.331284 0.246961 0.198649 0.223106 1 
1 529 0.333163 0.246721 0.198226 0.22189 1 
1 530 0.335064 0.246447 0.197836 0.220653 1 
1 531 0.336961 0.246142 0.197479 0.219418 1 
1 532 0.338828 0.24581 0.197155 0.218206 1 
1 533 0.340639 0.245455 0.196867 0.217039 1 
1 534 0.342368 0.245079 0.196617 0.215936 1 
1 535 0.34399 0.244686 0.196408 0.214916 1 
1 536 0.345482 0.244278 0.196244 0.213996 1 
1 537 0.346824 0.243859 0.196129 0.213188 1 
1 538 0.347998 0.243432 0.196066 0.212504 1 
1 539 0.348989 0.242998 0.19606 0.211952 1 
1 540 0.349788 0.242562 0.196115 0.211534 1 
1 541 0.350388 0.242126 0.196234 0.211252 1 
1 542 0.350786 0.241692 0.196419 0.211103 1 
1 543 0.350983 0.241263 0.196674 0.21108 1 
1 544 0.350986 0.240842 0.196998 0.211174 1 
1 545 0.350803 0.24043 0.197393 0.211374 1 
1 546 0.350448 0.240029 0.197857 0.211667 1 
1 547 0.349935 0.239641 0.198388 0.212037 1 
1 548 0.349283 0.239267 0.198982 0.212467 1 
1 549 0.348513 0.238908 0.199635 0.212943 1 
1 550 0.347646 0.238564 0.200342 0.213448 1 
1 551 0.346703 0.238237 0.201094 0.213966 1 
1 552 0.345708 0.237925 0.201883 0.214484 1 
1 553 0.344682 0.237629 0.2027 0.214989 1 
1 554 0.343645 0.237349 0.203536 0.21547 1 
1 555 0.342616 0.237085 0.204379 0.21592 1 
1 556 0.341611 0.236837 0.205219 0.216333 1 
1 557 0.340646 0.236605 0.206044 0.216706 1 
1 558 0.33973 0.23639 0.206843 0.217037 1 
1 559 0.338872 0.236193 0.207606 0.217329 1 
1 560 0.338076 0.236016 0.208321 0.217586 1 
1 561 0.337346 0.235862 0.20898 0.217812 1 
1 562 0.336679 0.235732 0.209574 0.218015 1 
1 563 0.336072 0.23563 0.210096 0.218202 1 
1 564 0.335519 0.23556 0.210539 0.218383 1 
1 565 0.335011 0.235525 0.210898 0.218565 1 
1 566 0.33454 0.23553 0.211172 0.218759 1 
1 567 0.334094 0.235579 0.211358 0.21897 1 
1 568 0.333663 0.235675 0.211456 0.219206 1 
1 569 0.333236 0.235821 0.211469 0.219473 1 
1 570 0.332804 0.236021 0.2114 0.219775 1 
1 571 0.332359 0.236276 0.211252 0.220113 1 
1 572 0.331893 0.236587 0.211032 0.220487 1 
1 573 0.331402 0.236954 0.210747 0.220897 1 
1 574 0.330885 0.237374 0.210404 0.221337 1 
1 575 0.330342 0.237844 0.21001 0.221803 1 
1 576 0.329777 0.238361 0.209575 0.222287 1 
1 577 0.329196 0.238918 0.209105 0.222781 1 
1 578 0.328608 0.239507 0.208609 0.223275 1 
1 579 0.328025 0.240122 0.208095 0.223758 1 
1 580 0.32746 0.240751 0.207569 0.22422 1 
1 581 0.326929 0.241386 0.207037 0.224649 1 
1 582 0.326446 0.242016 0.206504 0.225033 1 
1 583 0.32603 0.242631 0.205975 0.225364 1 
1 584 0.325697 0.24322 0.205452 0.225631 1 
1 585 0.325464 0.243773 0.204938 0.225825 1 
1 586 0.325343 0.244281 0.204434 0.225941 1 
1 587 0.32535 0.244737 0.20394 0.225973 1 
1 588 0.325493 0.245134 0.203457 0.225916 1 
1 589 0.325781 0.245466 0.202982 0.225771 1 
1 590 0.326217 0.24573 0.202516 0.225536 1 
1 591 0.326803 0.245925 0.202057 0.225216 1 
1 592 0.327534 0.24605 0.201604 0.224812 1 
1 593 0.328405 0.246107 0.201156 0.224332 1 
1 594 0.329404 0.2461 0.200713 0.223783 1 
1 595 0.330517 0.246033 0.200275 0.223174 1 
1 596 0.331726 0.245915 0.199844 0.222515 1 
1 597 0.333012 0.24575 0.199421 0.221817 1 
1 598 0.334352 0.245549 0.199009 0.22109 1 
1 599 0.335721 0.245319 0.198613 0.220347 1 
1 600 0.337095 0.245069 0.198237 0.219599 1 
1 601 0.338447 0.244808 0.197887 0.218858 1 
1 602 0.339754 0.244543 0.197569 0.218134 1 
1 603 0.34099 0.244282 0.197291 0.217437 1 
1 604 0.342134 0.24403 0.197059 0.216777 1 
1 605 0.343165 0.243791 0.196882 0.216162 1 
1 606 0.344068 0.243568 0.196767 0.215597 1 
1 607 0.344828 0.243363 0.196721 0.215088 1 
1 608 0.345437 0.243175 0.19675 0.214639 1 
1 609 0.345887 0.243002 0.196859 0.214252 1 
1 610 0.346178 0.242842 0.197053 0.213928 1 
1 611 0.346311 0.242688 0.197335 0.213666 1 
1 612 0.346292 0.242537 0.197705 0.213466 1 
1 613 0.34613 0.242382 0.198162 0.213325 1 
1 614 0.345839 0.242218 0.198705 0.213239 1 
1 615 0.345432 0.242037 0.199327 0.213204 1 
1 616 0.344927 0.241835 0.200023 0.213215 1 
1 617 0.344344 0.241606 0.200783 0.213267 1 
1 618 0.343701 0.241348 0.201596 0.213355 1 
1 619 0.343018 0.241058 0.20245 0.213474 1 
1 620 0.342316 0.240734 0.203332 0.213618 1 
1 621 0.341615 0.240377 0.204226 0.213782 1 
1 622 0.34093 0.23999 0.205117 0.213962 1 
1 623 0.340281 0.239576 0.205988 0.214154 1 
1 624 0.33968 0.239141 0.206825 0.214355 1 
1 625 0.33914 0.238689 0.20761 0.214561 1 
1 626 0.33867 0.238229 0.208331 0.21477 1 
1 627 0.338278 0.237768 0.208973 0.214981 1 
1 628 0.337968 0.237314 0.209526 0.215192 1 
1 629 0.337741 0.236875 0.20998 0.215404 1 
1 630 0.337597 0.23646 0.210328 0.215616 1 
1 631 0.337531 0.236075 0.210565 0.215829 1 
1 632 0.337538 0.235728 0.210692 0.216043 1 
1 633 0.337609 0.235424 0.210708 0.21626 1 
1 634 0.337734 0.235168 0.210617 0.21648 1 
1 635 0.337902 0.234965 0.210428 0.216705 1 
1 636 0.3381 0.234817 0.210147 0.216936 1 
1 637 0.338313 0.234725 0.209787 0.217175 1 
1 638 0.338527 0.234692 0.209361 0.21742 1 
1 639 0.338728 0.234716 0.208882 0.217674 1 
1 640 0.338903 0.234797 0.208365 0.217934 1 
1 641 0.339038 0.234934 0.207826 0.218202 1 
1 642 0.339122 0.235124 0.20728 0.218475 1 
1 643 0.339145 0.235364 0.20674 0.218751 1 
1 644 0.3391 0.235652 0.20622 0.219028 1 
1 645 0.338982 0.235985 0.205731 0.219302 1 
1 646 0.338789 0.236358 0.205282 0.219571 1 
1 647 0.338522 0.236768 0.204881 0.21983 1 
1 648 0.338185 0.237211 0.20453 0.220074 1 
1 649 0.337785 0.237682 0.204233 0.2203 1 
1 650 0.337331 0.238177 0.203989 0.220503 1 
1 651 0.336838 0.238691 0.203794 0.220677 1 
1 652 0.336319 0.239218 0.203643 0.22082 1 
1 653 0.335791 0.239753 0.203529 0.220927 1 
1 654 0.335272 0.24029 0.203444 0.220995 1 
1 655 0.33478 0.240823 0.203376 0.221021 1 
1 656 0.334333 0.241345 0.203316 0.221005 1 
1 657 0.333949 0.24185 0.203255 0.220946 1 
1 658 0.333643 0.242333 0.203181 0.220844 1 
1 659 0.333429 0.242786 0.203086 0.2207 1 
1 660 0.333316 0.243203 0.202963 0.220518 1 
1 661 0.333312 0.24358 0.202806 0.220302 1 
1 662 0.333422 0.243911 0.202613 0.220054 1 
1 663 0.333643 0.244192 0.202382 0.219782 1 
1 664 0.333973 0.24442 0.202116 0.219491 1 
1 665 0.334402 0.244593 0.201818 0.219187 1 
1 666 0.334919 0.244708 0.201496 0.218877 1 
1 667 0.335508 0.244766 0.201158 0.218568 1 
1 668 0.336153 0.244766 0.200816 0.218265 1 
1 669 0.336832 0.244712 0.200481 0.217974 1 
1 670 0.337526 0.244605 0.200167 0.217701 1 
1 671 0.338212 0.24445 0.199888 0.21745 1 
1 672 0.338869 0.24425 0.199658 0.217223 1 
1 673 0.339477 0.244011 0.199489 0.217023 1 
1 674 0.340018 0.243738 0.199393 0.216851 1 
1 675 0.340476 0.243438 0.19938 0.216707 1 
1 676 0.340838 0.243115 0.199458 0.216589 1 
1 677 0.341096 0.242777 0.199631 0.216496 1 
1 678 0.341244 0.242429 0.199903 0.216424 1 
1 679 0.341281 0.242077 0.200273 0.21637 1 
1 680 0.34121 0.241724 0.200736 0.21633 1 
1 681 0.341038 0.241376 0.201286 0.2163 1 
1 682 0.340774 0.241036 0.201913 0.216277 1 
1 683 0.340433 0.240706 0.202605 0.216257 1 
1 684 0.34003 0.240387 0.203348 0.216236 1 
1 685 0.339582 0.240081 0.204125 0.216212 1 
1 686 0.339108 0.239788 0.204919 0.216185 1 
1 687 0.338629 0.239506 0.205712 0.216153 1 
1 688 0.338162 0.239234 0.206487 0.216116 1 
1 689 0.337726 0.238971 0.207226 0.216077 1 
1 690 0.337337 0.238713 0.207913 0.216037 1 
1 691 0.337011 0.238459 0.208532 0.215998 1 
1 692 0.336758 0.238206 0.209072 0.215964 1 
1 693 0.336587 0.237953 0.20952 0.215939 1 
1 694 0.336506 0.237698 0.209871 0.215926 1 
1 695 0.336515 0.23744 0.210117 0.215928 1 
1 696 0.336615 0.237179 0.210258 0.215948 1 
1 697 0.336803 0.236915 0.210293 0.215989 1 
1 698 0.337071 0.236651 0.210226 0.216051 1 
1 699 0.337411 0.23639 0.210062 0.216137 1 
1 700 0.337813 0.236134 0.209809 0.216245 1 
1 701 0.338263 0.235887 0.209476 0.216374 1 
1 702 0.338747 0.235656 0.209076 0.216521 1 
1 703 0.339253 0.235445 0.208618 0.216684 1 
1 704 0.339764 0.235261 0.208118 0.216858 1 
1 705 0.340266 0.235108 0.207588 0.217038 1 
1 706 0.340746 0.234994 0.20704 0.21722 1 
1 707 0.34119 0.234923 0.206487 0.217399 1 
1 708 0.341588 0.234901 0.205941 0.21757 1 
1 709 0.34193 0.234931 0.205412 0.217728 1 
1 710 0.342206 0.235017 0.204909 0.217869 1 
1 711 0.342411 0.23516 0.204439 0.21799 1 
1 712 0.34254 0.235362 0.204009 0.21809 1 
1 713 0.34259 0.235622 0.203623 0.218166 1 
1 714 0.342561 0.235938 0.203282 0.218219 1 
1 715 0.342455 0.236309 0.202987 0.218249 1 
1 716 0.342273 0.236729 0.202737 0.21826 1 
1 717 0.342021 0.237194 0.202531 0.218254 1 
1 718 0.341704 0.237698 0.202363 0.218235 1 
1 719 0.34133 0.238235 0.202229 0.218207 1 
1 720 0.340905 0.238797 0.202123 0.218175 1 
1 721 0.340441 0.239378 0.202039 0.218143 1 
1 722 0.339945 0.23997 0.20197 0.218116 1 
1 723 0.339427 0.240565 0.20191 0.218098 1 
1 724 0.338899 0.241156 0.201852 0.218093 1 
1 725 0.338369 0.241738 0.20179 0.218104 1 
1 726 0.337847 0.242303 0.201719 0.218132 1 
1 727 0.337342 0.242845 0.201634 0.218179 1 
1 728 0.336861 0.243361 0.201534 0.218244 1 
1 729 0.336414 0.243844 0.201416 0.218326 1 
1 730 0.336005 0.244292 0.20128 0.218424 1 
1 731 0.335639 0.244702 0.201126 0.218533 1 
1 732 0.33532 0.245069 0.200958 0.218652 1 
1 733 0.335051 0.245394 0.20078 0.218775 1 
1 734 0.334832 0.245673 0.200597 0.218898 1 
1 735 0.334664 0.245905 0.200415 0.219016 1 
1 736 0.334544 0.24609 0.200241 0.219125 1 
1 737 0.334471 0.246226 0.200084 0.21922 1 
1 738 0.33444 0.246313 0.199951 0.219296 1 
1 739 0.334448 0.246351 0.199852 0.21935 1 
1 740 0.334489 0.24634 0.199793 0.219379 1 
1 741 0.334557 0.24628 0.199782 0.219381 1 
1 742 0.334649 0.246172 0.199825 0.219354 1 
1 743 0.334756 0.246017 0.199929 0.219298 1 
1 744 0.334874 0.245817 0.200095 0.219214 1 
1 745 0.334998 0.245574 0.200326 0.219102 1 
1 746 0.335121 0.245291 0.200623 0.218965 1 
1 747 0.33524 0.244973 0.200982 0.218805 1 
1 748 0.335351 0.244623 0.201401 0.218626 1 
1 749 0.335448 0.244247 0.201873 0.218431 1 
1 750 0.335531 0.243851 0.202391 0.218227 1 
1 751 0.335596 0.243442 0.202945 0.218016 1 
1 752 0.335642 0.243027 0.203525 0.217805 1 
1 753 0.335669 0.242613 0.204119 0.217599 1 
1 754 0.335676 0.242207 0.204716 0.217402 1 
1 755 0.335664 0.241815 0.205301 0.21722 1 
1 756 0.335634 0.241446 0.205864 0.217056 1 
1 757 0.335589 0.241103 0.206392 0.216916 1 
1 758 0.335532 0.240791 0.206873 0.216804 1 
1 759 0.335466 0.240514 0.207298 0.216721 1 
1 760 0.335396 0.240272 0.20766 0.216672 1 
1 761 0.335326 0.240067 0.20795 0.216657 1 
1 762 0.335261 0.239896 0.208165 0.216678 1 
1 763 0.335207 0.239757 0.208302 0.216735 1 
1 764 0.335169 0.239645 0.20836 0.216826 1 
1 765 0.335153 0.239554 0.208341 0.216951 1 
1 766 0.335164 0.23948 0.208249 0.217107 1 
1 767 0.335206 0.239414 0.208089 0.217291 1 
1 768 0.335283 0.239352 0.207867 0.217497 1 
1 769 0.335399 0.239287 0.207591 0.217723 1 
1 770 0.335555 0.239215 0.207269 0.21796 1 
1 771 0.335753 0.239131 0.206911 0.218205 1 
1 772 0.335992 0.239033 0.206525 0.21845 1 
1 773 0.336269 0.238923 0.20612 0.218689 1 
1 774 0.336582 0.238801 0.205703 0.218914 1 
1 775 0.336925 0.238671 0.205283 0.219121 1 
1 776 0.337294 0.238539 0.204865 0.219302 1 
1 777 0.33768 0.238413 0.204455 0.219452 1 
1 778 0.338077 0.2383 0.204055 0.219567 1 
1 779 0.338476 0.238212 0.20367 0.219643 1 
1 780 0.338868 0.238157 0.203298 0.219677 1 
1 781 0.339245 0.238144 0.202942 0.219669 1 
1 782 0.339598 0.238184 0.202599 0.219619 1 
1 783 0.33992 0.238283 0.20227 0.219527 1 
1 784 0.340204 0.238447 0.201951 0.219398 1 
1 785 0.340443 0.23868 0.20164 0.219237 1 
1 786 0.340634 0.238982 0.201337 0.219047 1 
1 787 0.340771 0.239353 0.201038 0.218837 1 
1 788 0.340853 0.239788 0.200744 0.218615 1 
1 789 0.340879 0.240281 0.200452 0.218388 1 
1 790 0.340848 0.240822 0.200165 0.218166 1 
1 791 0.340761 0.241401 0.199882 0.217956 1 
1 792 0.34062 0.242006 0.199606 0.217768 1 
1 793 0.340427 0.242624 0.19934 0.21761 1 
1 794 0.340186 0.243241 0.199087 0.217487 1 
1 795 0.339899 0.243844 0.198851 0.217405 1 
1 796 0.339572 0.244422 0.198637 0.217369 1 
1 797 0.339207 0.244963 0.19845 0.21738 1 
1 798 0.338809 0.245458 0.198294 0.217439 1 
1 799 0.338383 0.245899 0.198175 0.217544 1 
1 800 0.337932 0.246282 0.198095 0.217691 1 
1 801 0.337461 0.246605 0.198059 0.217875 1 
1 802 0.336976 0.246865 0.19807 0.218089 1 
1 803 0.33648 0.247066 0.19813 0.218325 1 
1 804 0.335979 0.247208 0.19824 0.218573 1 
1 805 0.335478 0.247299 0.198401 0.218823 1 
1 806 0.334982 0.247341 0.198612 0.219064 1 
1 807 0.334499 0.247343 0.198872 0.219286 1 
1 808 0.334033 0.247308 0.199179 0.21948 1 
1 809 0.33359 0.247245 0.199529 0.219636 1 
1 810 0.333178 0.247156 0.19992 0.219746 1 
1 811 0.332801 0.247047 0.200347 0.219804 1 
1 812 0.332466 0.246922 0.200805 0.219807 1 
1 813 0.332177 0.246782 0.201291 0.219751 1 
1 814 0.33194 0.246627 0.201797 0.219636 1 
1 815 0.331758 0.246459 0.20232 0.219464 1 
1 816 0.331633 0.246276 0.202853 0.219238 1 
1 817 0.331568 0.246076 0.203391 0.218965 1 
1 818 0.331563 0.245858 0.203928 0.21865 1 
1 819 0.331618 0.24562 0.204459 0.218303 1 
1 820 0.331731 0.245358 0.204978 0.217933 1 
1 821 0.331898 0.245073 0.20548 0.217549 1 
1 822 0.332116 0.244762 0.205959 0.217163 1 
1 823 0.33238 0.244427 0.20641 0.216783 1 
1 824 0.332684 0.244068 0.206828 0.21642 1 
1 825 0.333021 0.243688 0.207209 0.216082 1 
1 826 0.333385 0.243289 0.207548 0.215778 1 
1 827 0.333769 0.242876 0.207841 0.215514 1 
1 828 0.334165 0.242454 0.208085 0.215296 1 
1 829 0.334566 0.242029 0.208278 0.215126 1 
1 830 0.334967 0.241608 0.208417 0.215009 1 
1 831 0.33536 0.241196 0.2085 0.214944 1 
1 832 0.33574 0.2408 0.208528 0.214931 1 
1 833 0.336103 0.240427 0.208501 0.214969 1 
1 834 0.336445 0.240081 0.208419 0.215055 1 
1 835 0.336763 0.239769 0.208285 0.215184 1 
1 836 0.337053 0.239493 0.208101 0.215353 1 
1 837 0.337316 0.239257 0.207872 0.215555 1 
1 838 0.337551 0.239062 0.2076 0.215787 1 
1 839 0.337757 0.238909 0.207292 0.216041 1 
1 840 0.337937 0.238798 0.206952 0.216313 1 
1 841 0.338093 0.238727 0.206585 0.216595 1 
1 842 0.338227 0.238693 0.206197 0.216883 1 
1 843 0.338342 0.238694 0.205793 0.217171 1 
1 844 0.338442 0.238725 0.205379 0.217454 1 
1 845 0.338532 0.238783 0.20496 0.217726 1 
1 846 0.338615 0.238863 0.204538 0.217983 1 
1 847 0.338697 0.238962 0.20412 0.218221 1 
1 848 0.338781 0.239076 0.203707 0.218436 1 
1 849 0.338872 0.239201 0.203302 0.218625 1 
1 850 0.338975 0.239334 0.202907 0.218784 1 
1 851 0.339092 0.239474 0.202523 0.21891 1 
1 852 0.339227 0.23962 0.202151 0.219002 1 
1 853 0.339382 0.23977 0.20179 0.219059 1 
1 854 0.339557 0.239924 0.201441 0.219078 1 
1 855 0.339753 0.240084 0.201103 0.21906 1 
1 856 0.339967 0.240251 0.200777 0.219004 1 
1 857 0.340198 0.240427 0.200462 0.218913 1 
1 858 0.340441 0.240612 0.200159 0.218787 1 
1 859 0.340691 0.240811 0.199869 0.218629 1 
1 860 0.34094 0.241023 0.199594 0.218442 1 
1 861 0.34118 0.241253 0.199337 0.218231 1 
1 862 0.341402 0.241499 0.1991 0.217999 1 
1 863 0.341594 0.241765 0.198888 0.217752 1 
1 864 0.341747 0.24205 0.198707 0.217496 1 
1 865 0.341848 0.242355 0.198561 0.217237 1 
1 866 0.341885 0.242678 0.198456 0.216981 1 
1 867 0.341849 0.243018 0.1984 0.216733 1 
1 868 0.341728 0.243373 0.198398 0.216502 1 
1 869 0.341514 0.24374 0.198455 0.216291 1 
1 870 0.3412 0.244117 0.198576 0.216107 1 
1 871 0.340781 0.244498 0.198766 0.215954 1 
1 872 0.340256 0.244882 0.199027 0.215835 1 
1 873 0.339624 0.245262 0.19936 0.215754 1 
1 874 0.338891 0.245635 0.199763 0.215712 1 
1 875 0.338062 0.245996 0.200234 0.215709 1 
1 876 0.337149 0.24634 0.200767 0.215745 1 
1 877 0.336165 0.246663 0.201354 0.215818 1 
1 878 0.335126 0.24696 0.201988 0.215925 1 
1 879 0.334053 0.247228 0.202656 0.216063 1 
1 880 0.332966 0.247463 0.203345 0.216226 1 
1 881 0.331888 0.247661 0.204042 0.216408 1 
1 882 0.330843 0.24782 0.204732 0.216605 1 
1 883 0.329854 0.247938 0.205399 0.216809 1 
1 884 0.328945 0.248012 0.206028 0.217015 1 
1 885 0.328137 0.248041 0.206605 0.217216 1 
1 886 0.327452 0.248026 0.207116 0.217406 1 
1 887 0.326905 0.247966 0.207549 0.21758 1 
1 888 0.32651 0.247861 0.207895 0.217734 1 
1 889 0.326278 0.247713 0.208145 0.217863 1 
1 890 0.326215 0.247525 0.208295 0.217966 1 
1 891 0.326321 0.247298 0.208341 0.218039 1 
1 892 0.326595 0.247037 0.208286 0.218083 1 
1 893 0.327029 0.246743 0.208131 0.218097 1 
1 894 0.327612 0.246422 0.207883 0.218083 1 
1 895 0.328329 0.246078 0.207551 0.218043 1 
1 896 0.329162 0.245715 0.207144 0.217979 1 
1 897 0.330093 0.245337 0.206674 0.217896 1 
