Step Time(ns) rpsystem.singlet rpsystem.t0 rpsystem.tp rpsystem.tm rpsystem.identity 
1 0 1 0 0 0 1 
1 1 0.996217 0.00135869 0.00121322 0.00121074 1 
1 2 0.984973 0.00539835 0.00482428 0.00480482 1 
1 3 0.966571 0.0120113 0.0107408 0.0106768 1 
1 4 0.941508 0.0210229 0.0188078 0.0186609 1 
1 5 0.91045 0.032198 0.0288137 0.0285379 1 
1 6 0.874208 0.0452496 0.0404987 0.0400442 1 
1 7 0.833703 0.0598494 0.0535651 0.0528824 1 
1 8 0.789938 0.07564 0.067689 0.0667328 1 
1 9 0.743955 0.0922469 0.0825319 0.0812659 1 
1 10 0.6968 0.109292 0.0977542 0.0961543 1 
1 11 0.649485 0.126405 0.113026 0.111084 1 
1 12 0.602957 0.143237 0.12804 0.125766 1 
1 13 0.558069 0.159469 0.14252 0.139943 1 
1 14 0.515555 0.174822 0.156227 0.153397 1 
1 15 0.476014 0.189061 0.168969 0.165955 1 
1 16 0.4399 0.202005 0.180602 0.177492 1 
1 17 0.407517 0.213524 0.191031 0.187928 1 
1 18 0.379021 0.22354 0.200211 0.197228 1 
1 19 0.354433 0.232029 0.208139 0.205399 1 
1 20 0.33365 0.239012 0.214855 0.212483 1 
1 21 0.316463 0.244552 0.220433 0.218552 1 
1 22 0.302579 0.24875 0.224972 0.223699 1 
1 23 0.291646 0.251734 0.228589 0.228031 1 
1 24 0.283274 0.253652 0.231413 0.231662 1 
1 25 0.277057 0.254664 0.233576 0.234703 1 
1 26 0.272599 0.254937 0.235202 0.237262 1 
1 27 0.269526 0.254635 0.236408 0.239431 1 
1 28 0.267507 0.253914 0.237292 0.241287 1 
1 29 0.266261 0.252918 0.237935 0.242887 1 
1 30 0.265566 0.251771 0.238395 0.244268 1 
1 31 0.265263 0.25058 0.238709 0.245449 1 
1 32 0.265253 0.249428 0.238892 0.246426 1 
1 33 0.265498 0.248378 0.23894 0.247184 1 
1 34 0.266008 0.247468 0.238834 0.247689 1 
1 35 0.266837 0.24672 0.238539 0.247903 1 
1 36 0.26807 0.246135 0.238016 0.247778 1 
1 37 0.269814 0.245698 0.237219 0.247268 1 
1 38 0.272183 0.245383 0.236104 0.246329 1 
1 39 0.275292 0.245154 0.234631 0.244923 1 
1 40 0.279242 0.244968 0.232768 0.243022 1 
1 41 0.284117 0.244779 0.230495 0.240609 1 
1 42 0.289973 0.244541 0.227805 0.237682 1 
1 43 0.296835 0.24421 0.224705 0.234251 1 
1 44 0.304694 0.243747 0.221216 0.230342 1 
1 45 0.313508 0.243119 0.217377 0.225996 1 
1 46 0.323199 0.2423 0.213237 0.221264 1 
1 47 0.333659 0.241274 0.208857 0.21621 1 
1 48 0.344752 0.240031 0.204311 0.210906 1 
1 49 0.356321 0.238574 0.199675 0.20543 1 
1 50 0.368189 0.236913 0.195032 0.199866 1 
1 51 0.38017 0.235068 0.190465 0.194297 1 
1 52 0.392071 0.233066 0.186056 0.188807 1 
1 53 0.403701 0.230941 0.181881 0.183477 1 
1 54 0.414873 0.228733 0.178012 0.178382 1 
1 55 0.425411 0.226489 0.174509 0.173592 1 
1 56 0.435151 0.224256 0.171425 0.169168 1 
1 57 0.44395 0.222086 0.1688 0.165163 1 
1 58 0.451683 0.22003 0.166664 0.161623 1 
1 59 0.458245 0.21814 0.165034 0.158581 1 
1 60 0.463558 0.216463 0.163915 0.156064 1 
1 61 0.467561 0.215047 0.163303 0.154089 1 
1 62 0.470221 0.21393 0.163183 0.152665 1 
1 63 0.471524 0.21315 0.163534 0.151792 1 
1 64 0.471476 0.212734 0.164324 0.151466 1 
1 65 0.470104 0.212702 0.16552 0.151674 1 
1 66 0.467451 0.213068 0.167081 0.1524 1 
1 67 0.463576 0.213835 0.168966 0.153623 1 
1 68 0.45855 0.214998 0.171133 0.155319 1 
1 69 0.452458 0.216543 0.17354 0.157459 1 
1 70 0.445392 0.218448 0.176146 0.160013 1 
1 71 0.437455 0.220681 0.178912 0.162951 1 
1 72 0.428754 0.223204 0.181803 0.166239 1 
1 73 0.419399 0.225971 0.184787 0.169844 1 
1 74 0.409505 0.228931 0.187835 0.173729 1 
1 75 0.399188 0.232029 0.190922 0.177861 1 
1 76 0.388562 0.235207 0.194028 0.182203 1 
1 77 0.377741 0.238405 0.197136 0.186718 1 
1 78 0.366837 0.241563 0.200229 0.191371 1 
1 79 0.355957 0.244622 0.203297 0.196124 1 
1 80 0.345204 0.247528 0.206328 0.20094 1 
1 81 0.334675 0.250229 0.209314 0.205782 1 
1 82 0.32446 0.252681 0.212247 0.210612 1 
1 83 0.314643 0.254846 0.215118 0.215393 1 
1 84 0.305299 0.256693 0.217919 0.220089 1 
1 85 0.296496 0.258201 0.220641 0.224661 1 
1 86 0.288292 0.259359 0.223274 0.229075 1 
1 87 0.280736 0.260162 0.225807 0.233296 1 
1 88 0.273867 0.260617 0.228226 0.23729 1 
1 89 0.267716 0.26074 0.230519 0.241025 1 
1 90 0.262304 0.260554 0.232669 0.244473 1 
1 91 0.257642 0.260092 0.23466 0.247606 1 
1 92 0.253732 0.25939 0.236476 0.250402 1 
1 93 0.250569 0.258492 0.2381 0.252839 1 
1 94 0.248138 0.257446 0.239514 0.254902 1 
1 95 0.246418 0.256301 0.240702 0.256579 1 
1 96 0.245379 0.255109 0.24165 0.257862 1 
1 97 0.244988 0.25392 0.242343 0.258749 1 
1 98 0.245204 0.252783 0.242771 0.259241 1 
1 99 0.245984 0.251743 0.242927 0.259347 1 
1 100 0.247281 0.250839 0.242803 0.259077 1 
1 101 0.249043 0.250108 0.2424 0.258449 1 
1 102 0.251221 0.249577 0.241719 0.257483 1 
1 103 0.253763 0.249266 0.240766 0.256205 1 
1 104 0.256617 0.24919 0.239551 0.254642 1 
1 105 0.259732 0.249352 0.23809 0.252827 1 
1 106 0.263059 0.249749 0.236398 0.250793 1 
1 107 0.266553 0.250371 0.234499 0.248576 1 
1 108 0.270171 0.2512 0.232417 0.246212 1 
1 109 0.273871 0.252212 0.23018 0.243737 1 
1 110 0.277618 0.253377 0.227817 0.241188 1 
1 111 0.281379 0.254661 0.225361 0.238599 1 
1 112 0.285126 0.256027 0.222844 0.236003 1 
1 113 0.288835 0.257435 0.220301 0.233429 1 
1 114 0.292484 0.258847 0.217764 0.230904 1 
1 115 0.296057 0.260224 0.215266 0.228453 1 
1 116 0.299541 0.261527 0.212838 0.226094 1 
1 117 0.302924 0.262724 0.210508 0.223844 1 
1 118 0.306198 0.263783 0.208305 0.221714 1 
1 119 0.309358 0.264681 0.20625 0.219712 1 
1 120 0.312398 0.265395 0.204364 0.217842 1 
1 121 0.315317 0.265914 0.202664 0.216106 1 
1 122 0.31811 0.266227 0.201162 0.214501 1 
1 123 0.320776 0.266333 0.199867 0.213025 1 
1 124 0.323311 0.266235 0.198784 0.21167 1 
1 125 0.325712 0.265942 0.197914 0.210432 1 
1 126 0.327974 0.265468 0.197256 0.209302 1 
1 127 0.330092 0.26483 0.196804 0.208275 1 
1 128 0.332056 0.264049 0.196551 0.207344 1 
1 129 0.333859 0.263148 0.196486 0.206507 1 
1 130 0.33549 0.262152 0.196598 0.20576 1 
1 131 0.336935 0.261087 0.196875 0.205104 1 
1 132 0.338181 0.259976 0.197302 0.204542 1 
1 133 0.339212 0.258843 0.197867 0.204079 1 
1 134 0.340011 0.257711 0.198555 0.203723 1 
1 135 0.340563 0.256597 0.199355 0.203485 1 
1 136 0.34085 0.255519 0.200255 0.203376 1 
1 137 0.340855 0.254489 0.201244 0.203412 1 
1 138 0.340563 0.253517 0.202314 0.203606 1 
1 139 0.339959 0.252609 0.203458 0.203974 1 
1 140 0.339032 0.251768 0.20467 0.204531 1 
1 141 0.337772 0.250993 0.205945 0.205289 1 
1 142 0.336175 0.250283 0.207281 0.206262 1 
1 143 0.334237 0.249633 0.208674 0.207456 1 
1 144 0.331963 0.249037 0.210124 0.208877 1 
1 145 0.329359 0.248488 0.211628 0.210525 1 
1 146 0.326438 0.247979 0.213186 0.212397 1 
1 147 0.32322 0.247504 0.214794 0.214483 1 
1 148 0.319728 0.247055 0.216449 0.216768 1 
1 149 0.315991 0.24663 0.218147 0.219233 1 
1 150 0.312044 0.246223 0.21988 0.221853 1 
1 151 0.307928 0.245834 0.221641 0.224596 1 
1 152 0.303687 0.245462 0.22342 0.22743 1 
1 153 0.29937 0.245111 0.225203 0.230316 1 
1 154 0.295027 0.244784 0.226977 0.233213 1 
1 155 0.290713 0.244485 0.228723 0.236079 1 
1 156 0.286483 0.244223 0.230425 0.23887 1 
1 157 0.282393 0.244002 0.232061 0.241543 1 
1 158 0.278498 0.243832 0.233612 0.244058 1 
1 159 0.274849 0.24372 0.235055 0.246376 1 
1 160 0.271498 0.243671 0.23637 0.248462 1 
1 161 0.268489 0.243691 0.237534 0.250286 1 
1 162 0.265863 0.243785 0.238529 0.251823 1 
1 163 0.263653 0.243955 0.239336 0.253055 1 
1 164 0.261889 0.2442 0.23994 0.253971 1 
1 165 0.26059 0.244518 0.240326 0.254566 1 
1 166 0.259768 0.244905 0.240485 0.254842 1 
1 167 0.259428 0.245355 0.24041 0.254808 1 
1 168 0.259565 0.245857 0.240099 0.254479 1 
1 169 0.26017 0.246403 0.239552 0.253875 1 
1 170 0.261222 0.246979 0.238775 0.253024 1 
1 171 0.262695 0.247574 0.237778 0.251954 1 
1 172 0.264557 0.248172 0.236573 0.250698 1 
1 173 0.266771 0.248761 0.235176 0.249292 1 
1 174 0.269295 0.249327 0.233608 0.24777 1 
1 175 0.272084 0.249857 0.23189 0.246169 1 
1 176 0.27509 0.250341 0.230047 0.244522 1 
1 177 0.278266 0.250768 0.228104 0.242862 1 
1 178 0.281562 0.251132 0.226089 0.241217 1 
1 179 0.284933 0.251425 0.22403 0.239612 1 
1 180 0.288333 0.251646 0.221952 0.238069 1 
1 181 0.291721 0.251792 0.219882 0.236605 1 
1 182 0.295059 0.251864 0.217846 0.23523 1 
1 183 0.298313 0.251867 0.215866 0.233954 1 
1 184 0.301453 0.251804 0.213964 0.23278 1 
1 185 0.304456 0.251681 0.212157 0.231706 1 
1 186 0.307303 0.251507 0.210461 0.23073 1 
1 187 0.309977 0.251288 0.20889 0.229844 1 
1 188 0.31247 0.251034 0.207453 0.229042 1 
1 189 0.314775 0.250754 0.206159 0.228312 1 
1 190 0.31689 0.250454 0.20501 0.227646 1 
1 191 0.318813 0.250144 0.204011 0.227032 1 
1 192 0.320549 0.249828 0.20316 0.226463 1 
1 193 0.3221 0.249512 0.202456 0.225931 1 
1 194 0.323473 0.249201 0.201896 0.225429 1 
1 195 0.324673 0.248896 0.201475 0.224955 1 
1 196 0.325706 0.248599 0.201188 0.224507 1 
1 197 0.326575 0.24831 0.201028 0.224087 1 
1 198 0.327287 0.248026 0.200988 0.223699 1 
1 199 0.327842 0.247746 0.201064 0.223348 1 
1 200 0.328243 0.247466 0.201249 0.223043 1 
1 201 0.32849 0.247182 0.201536 0.222792 1 
1 202 0.328583 0.24689 0.201921 0.222607 1 
1 203 0.328517 0.246587 0.202399 0.222497 1 
1 204 0.328292 0.246269 0.202965 0.222474 1 
1 205 0.327902 0.245933 0.203617 0.222547 1 
1 206 0.327345 0.245578 0.204352 0.222726 1 
1 207 0.326616 0.245203 0.205165 0.223016 1 
1 208 0.325712 0.244808 0.206056 0.223423 1 
1 209 0.324632 0.244397 0.207021 0.22395 1 
1 210 0.323374 0.243972 0.208059 0.224594 1 
1 211 0.321939 0.243539 0.209167 0.225354 1 
1 212 0.320331 0.243105 0.210341 0.226223 1 
1 213 0.318554 0.242677 0.211579 0.22719 1 
1 214 0.316615 0.242264 0.212875 0.228246 1 
1 215 0.314525 0.241876 0.214225 0.229374 1 
1 216 0.312295 0.241523 0.215623 0.230559 1 
1 217 0.309942 0.241214 0.217062 0.231783 1 
1 218 0.307482 0.240959 0.218532 0.233027 1 
1 219 0.304935 0.240768 0.220026 0.234271 1 
1 220 0.302323 0.240649 0.221533 0.235496 1 
1 221 0.299669 0.240608 0.22304 0.236682 1 
1 222 0.296999 0.240652 0.224536 0.237813 1 
1 223 0.29434 0.240783 0.226006 0.23887 1 
1 224 0.291719 0.241004 0.227436 0.23984 1 
1 225 0.289165 0.241312 0.228812 0.24071 1 
1 226 0.286707 0.241707 0.230116 0.24147 1 
1 227 0.284372 0.242182 0.231334 0.242111 1 
1 228 0.28219 0.242732 0.232449 0.24263 1 
1 229 0.280186 0.243346 0.233445 0.243023 1 
1 230 0.278389 0.244015 0.234307 0.24329 1 
1 231 0.276821 0.244726 0.23502 0.243433 1 
1 232 0.275505 0.245466 0.235571 0.243457 1 
1 233 0.274462 0.246222 0.235948 0.243368 1 
1 234 0.273709 0.246979 0.236141 0.243172 1 
1 235 0.273259 0.247723 0.236141 0.242877 1 
1 236 0.273125 0.248439 0.235943 0.242493 1 
1 237 0.273312 0.249116 0.235543 0.242029 1 
1 238 0.273825 0.249739 0.234941 0.241494 1 
1 239 0.274664 0.250298 0.23414 0.240898 1 
1 240 0.275823 0.250783 0.233145 0.240248 1 
1 241 0.277294 0.251186 0.231966 0.239554 1 
1 242 0.279065 0.251501 0.230612 0.238822 1 
1 243 0.281118 0.251723 0.229101 0.238058 1 
1 244 0.283434 0.25185 0.227447 0.237269 1 
1 245 0.285987 0.25188 0.225672 0.23646 1 
1 246 0.288753 0.251815 0.223798 0.235634 1 
1 247 0.2917 0.251658 0.221846 0.234795 1 
1 248 0.294798 0.251412 0.219843 0.233947 1 
1 249 0.298013 0.251083 0.217814 0.23309 1 
1 250 0.30131 0.250677 0.215784 0.232229 1 
1 251 0.304656 0.250203 0.213778 0.231364 1 
1 252 0.308015 0.249668 0.21182 0.230497 1 
1 253 0.311354 0.24908 0.209934 0.229631 1 
1 254 0.31464 0.24845 0.208141 0.228769 1 
1 255 0.317844 0.247785 0.206459 0.227912 1 
1 256 0.320936 0.247095 0.204906 0.227064 1 
1 257 0.323892 0.246387 0.203494 0.226227 1 
1 258 0.326687 0.24567 0.202235 0.225407 1 
1 259 0.329304 0.244951 0.201137 0.224608 1 
1 260 0.331724 0.244236 0.200206 0.223834 1 
1 261 0.333934 0.243531 0.199444 0.223091 1 
1 262 0.335924 0.242841 0.19885 0.222385 1 
1 263 0.337684 0.242169 0.198424 0.221723 1 
1 264 0.33921 0.241517 0.198162 0.221111 1 
1 265 0.340496 0.24089 0.198057 0.220557 1 
1 266 0.341542 0.240286 0.198104 0.220068 1 
1 267 0.342346 0.239708 0.198296 0.219651 1 
1 268 0.342908 0.239155 0.198624 0.219313 1 
1 269 0.34323 0.238627 0.199081 0.219062 1 
1 270 0.343314 0.238123 0.199659 0.218904 1 
1 271 0.343161 0.237643 0.200352 0.218845 1 
1 272 0.342774 0.237186 0.201152 0.218888 1 
1 273 0.342156 0.236753 0.202053 0.219039 1 
1 274 0.34131 0.236344 0.203048 0.219298 1 
1 275 0.34024 0.235959 0.204134 0.219667 1 
1 276 0.338951 0.235601 0.205303 0.220145 1 
1 277 0.337449 0.235271 0.206552 0.220728 1 
1 278 0.335741 0.234973 0.207874 0.221411 1 
1 279 0.333836 0.234711 0.209264 0.222189 1 
1 280 0.331744 0.234489 0.210716 0.223051 1 
1 281 0.329479 0.234312 0.212221 0.223988 1 
1 282 0.327055 0.234186 0.213773 0.224986 1 
1 283 0.32449 0.234116 0.21536 0.226033 1 
1 284 0.321804 0.234109 0.216973 0.227113 1 
1 285 0.31902 0.23417 0.218599 0.228211 1 
1 286 0.316161 0.234305 0.220225 0.229309 1 
1 287 0.313254 0.234518 0.221835 0.230392 1 
1 288 0.310327 0.234814 0.223415 0.231444 1 
1 289 0.307409 0.235194 0.224948 0.232449 1 
1 290 0.30453 0.235661 0.226416 0.233393 1 
1 291 0.301721 0.236214 0.227802 0.234263 1 
1 292 0.299011 0.236852 0.22909 0.235047 1 
1 293 0.296431 0.237572 0.230262 0.235736 1 
1 294 0.294007 0.238369 0.231302 0.236322 1 
1 295 0.291769 0.239235 0.232195 0.2368 1 
1 296 0.28974 0.240164 0.232929 0.237167 1 
1 297 0.287942 0.241144 0.233492 0.237422 1 
1 298 0.286397 0.242166 0.233873 0.237564 1 
1 299 0.285121 0.243216 0.234067 0.237596 1 
1 300 0.284129 0.244281 0.234068 0.237521 1 
1 301 0.283431 0.245348 0.233875 0.237345 1 
1 302 0.283036 0.246402 0.233488 0.237074 1 
1 303 0.282949 0.247428 0.232911 0.236712 1 
1 304 0.28317 0.248412 0.232149 0.236269 1 
1 305 0.283698 0.249342 0.231211 0.235749 1 
1 306 0.284527 0.250202 0.230109 0.235161 1 
1 307 0.28565 0.250982 0.228856 0.234511 1 
1 308 0.287055 0.251671 0.227468 0.233806 1 
1 309 0.288728 0.25226 0.225962 0.233051 1 
1 310 0.290651 0.252741 0.224357 0.232252 1 
1 311 0.292804 0.253108 0.222673 0.231415 1 
1 312 0.295167 0.253357 0.220931 0.230545 1 
1 313 0.297713 0.253487 0.219153 0.229647 1 
1 314 0.300418 0.253497 0.217359 0.228725 1 
1 315 0.303254 0.253389 0.215573 0.227784 1 
1 316 0.306192 0.253165 0.213813 0.22683 1 
1 317 0.309202 0.252832 0.2121 0.225867 1 
1 318 0.312256 0.252395 0.210451 0.224899 1 
1 319 0.315323 0.251861 0.208882 0.223933 1 
1 320 0.318377 0.251241 0.207409 0.222973 1 
1 321 0.321391 0.250542 0.206042 0.222025 1 
1 322 0.324338 0.249777 0.204791 0.221094 1 
1 323 0.327197 0.248954 0.203664 0.220185 1 
1 324 0.329947 0.248085 0.202664 0.219304 1 
1 325 0.332571 0.247181 0.201793 0.218455 1 
1 326 0.335054 0.246252 0.20105 0.217643 1 
1 327 0.337386 0.24531 0.200433 0.216872 1 
1 328 0.339556 0.244363 0.199937 0.216144 1 
1 329 0.34156 0.243421 0.199556 0.215463 1 
1 330 0.343393 0.242494 0.199282 0.214832 1 
1 331 0.345054 0.241588 0.199106 0.214252 1 
1 332 0.346544 0.240711 0.19902 0.213724 1 
1 333 0.347863 0.23987 0.199016 0.213251 1 
1 334 0.349012 0.23907 0.199084 0.212833 1 
1 335 0.349993 0.238317 0.199218 0.212473 1 
1 336 0.350806 0.237613 0.199411 0.21217 1 
1 337 0.351451 0.236963 0.199659 0.211927 1 
1 338 0.351927 0.236369 0.199959 0.211746 1 
1 339 0.35223 0.235832 0.200309 0.211629 1 
1 340 0.352357 0.235355 0.200709 0.21158 1 
1 341 0.3523 0.234938 0.201161 0.211601 1 
1 342 0.352053 0.234581 0.201668 0.211698 1 
1 343 0.351607 0.234283 0.202236 0.211873 1 
1 344 0.350954 0.234045 0.202868 0.212132 1 
1 345 0.350087 0.233865 0.203571 0.212477 1 
1 346 0.348997 0.233741 0.20435 0.212913 1 
1 347 0.347678 0.233672 0.205208 0.213442 1 
1 348 0.346129 0.233655 0.20615 0.214066 1 
1 349 0.344347 0.23369 0.207178 0.214786 1 
1 350 0.342337 0.233773 0.208291 0.215599 1 
1 351 0.340105 0.233903 0.209487 0.216505 1 
1 352 0.337664 0.234078 0.210761 0.217497 1 
1 353 0.335031 0.234295 0.212105 0.218569 1 
1 354 0.332225 0.234553 0.213509 0.219713 1 
1 355 0.329274 0.23485 0.214959 0.220917 1 
1 356 0.326206 0.235185 0.216439 0.222169 1 
1 357 0.323057 0.235556 0.217931 0.223455 1 
1 358 0.319863 0.235962 0.219416 0.224759 1 
1 359 0.316663 0.236402 0.220871 0.226064 1 
1 360 0.313498 0.236874 0.222273 0.227354 1 
1 361 0.310411 0.237378 0.223602 0.22861 1 
1 362 0.307442 0.23791 0.224833 0.229815 1 
1 363 0.304631 0.23847 0.225946 0.230953 1 
1 364 0.302017 0.239055 0.226921 0.232008 1 
1 365 0.299633 0.239661 0.227741 0.232965 1 
1 366 0.297511 0.240285 0.22839 0.233814 1 
1 367 0.295678 0.240923 0.228857 0.234543 1 
1 368 0.294155 0.241568 0.229133 0.235144 1 
1 369 0.292958 0.242216 0.229214 0.235612 1 
1 370 0.292099 0.242859 0.229098 0.235944 1 
1 371 0.291583 0.243489 0.228788 0.23614 1 
1 372 0.29141 0.244098 0.22829 0.236202 1 
1 373 0.291574 0.244678 0.227614 0.236133 1 
1 374 0.292066 0.24522 0.226773 0.235941 1 
1 375 0.292871 0.245715 0.225781 0.235632 1 
1 376 0.29397 0.246156 0.224656 0.235218 1 
1 377 0.295342 0.246533 0.223418 0.234707 1 
1 378 0.296962 0.246841 0.222085 0.234112 1 
1 379 0.298802 0.247075 0.220679 0.233444 1 
1 380 0.300836 0.247229 0.21922 0.232715 1 
1 381 0.303034 0.247301 0.217728 0.231936 1 
1 382 0.305366 0.247291 0.216224 0.231119 1 
1 383 0.307804 0.247201 0.214724 0.230272 1 
1 384 0.310319 0.247032 0.213244 0.229404 1 
1 385 0.312884 0.246791 0.2118 0.228524 1 
1 386 0.315474 0.246485 0.210404 0.227638 1 
1 387 0.318064 0.246121 0.209064 0.22675 1 
1 388 0.320634 0.24571 0.207791 0.225865 1 
1 389 0.323164 0.245263 0.206588 0.224985 1 
1 390 0.325637 0.24479 0.205461 0.224112 1 
1 391 0.328039 0.244304 0.204411 0.223246 1 
1 392 0.330359 0.243815 0.203439 0.222388 1 
1 393 0.332586 0.243334 0.202544 0.221537 1 
1 394 0.334714 0.24287 0.201724 0.220693 1 
1 395 0.336737 0.242431 0.200978 0.219854 1 
1 396 0.338651 0.242025 0.200302 0.219022 1 
1 397 0.340456 0.241654 0.199694 0.218197 1 
1 398 0.342149 0.241321 0.199151 0.217379 1 
1 399 0.343731 0.241027 0.19867 0.216572 1 
1 400 0.345202 0.240768 0.198252 0.215778 1 
1 401 0.346562 0.240542 0.197894 0.215002 1 
1 402 0.347811 0.240343 0.197597 0.214249 1 
1 403 0.348948 0.240163 0.197362 0.213527 1 
1 404 0.349972 0.239996 0.19719 0.212842 1 
1 405 0.350879 0.239832 0.197086 0.212204 1 
1 406 0.351665 0.239663 0.197052 0.211621 1 
1 407 0.352324 0.239481 0.197092 0.211103 1 
1 408 0.352849 0.239278 0.197212 0.210661 1 
1 409 0.353231 0.23905 0.197415 0.210304 1 
1 410 0.35346 0.238791 0.197707 0.210041 1 
1 411 0.353526 0.2385 0.198093 0.209882 1 
1 412 0.353417 0.238175 0.198575 0.209833 1 
1 413 0.353123 0.23782 0.199157 0.2099 1 
1 414 0.352633 0.237438 0.19984 0.210089 1 
1 415 0.351937 0.237036 0.200625 0.210402 1 
1 416 0.351029 0.236622 0.20151 0.210839 1 
1 417 0.349902 0.236206 0.202491 0.2114 1 
1 418 0.348555 0.235799 0.203565 0.212081 1 
1 419 0.346989 0.235415 0.204722 0.212875 1 
1 420 0.345208 0.235064 0.205954 0.213774 1 
1 421 0.343221 0.234761 0.207249 0.214769 1 
1 422 0.341042 0.234518 0.208593 0.215847 1 
1 423 0.338687 0.234345 0.209973 0.216995 1 
1 424 0.33618 0.234253 0.21137 0.218197 1 
1 425 0.333544 0.23425 0.212768 0.219437 1 
1 426 0.33081 0.234342 0.214147 0.2207 1 
1 427 0.32801 0.234533 0.215489 0.221968 1 
1 428 0.325177 0.234824 0.216774 0.223225 1 
1 429 0.322348 0.235214 0.217983 0.224455 1 
1 430 0.319559 0.2357 0.219099 0.225642 1 
1 431 0.316848 0.236274 0.220105 0.226773 1 
1 432 0.31425 0.236929 0.220986 0.227835 1 
1 433 0.3118 0.237654 0.221727 0.228819 1 
1 434 0.309529 0.238437 0.22232 0.229714 1 
1 435 0.307467 0.239262 0.222755 0.230516 1 
1 436 0.305639 0.240117 0.223026 0.231218 1 
1 437 0.304065 0.240984 0.223131 0.23182 1 
1 438 0.302763 0.241847 0.22307 0.23232 1 
1 439 0.301744 0.242691 0.222845 0.232719 1 
1 440 0.301016 0.243499 0.222463 0.233022 1 
1 441 0.300581 0.244258 0.221931 0.233231 1 
1 442 0.300436 0.244952 0.221259 0.233353 1 
1 443 0.300576 0.245569 0.220461 0.233394 1 
1 444 0.30099 0.2461 0.219551 0.233359 1 
1 445 0.301665 0.246535 0.218544 0.233257 1 
1 446 0.302582 0.246868 0.217456 0.233094 1 
1 447 0.303724 0.247095 0.216305 0.232877 1 
1 448 0.305067 0.247214 0.215108 0.232611 1 
1 449 0.306591 0.247226 0.213881 0.232302 1 
1 450 0.30827 0.247133 0.212643 0.231955 1 
1 451 0.31008 0.246941 0.211406 0.231573 1 
1 452 0.311997 0.246657 0.210187 0.231159 1 
1 453 0.313999 0.24629 0.208997 0.230714 1 
1 454 0.316062 0.245851 0.207846 0.230241 1 
1 455 0.318165 0.245351 0.206746 0.229738 1 
1 456 0.320289 0.244804 0.205701 0.229206 1 
1 457 0.322417 0.244222 0.204717 0.228644 1 
1 458 0.324532 0.24362 0.203797 0.228051 1 
1 459 0.32662 0.24301 0.202943 0.227426 1 
1 460 0.328672 0.242406 0.202154 0.226769 1 
1 461 0.330676 0.241818 0.201427 0.226078 1 
1 462 0.332626 0.241258 0.200761 0.225354 1 
1 463 0.334516 0.240735 0.200152 0.224598 1 
1 464 0.33634 0.240255 0.199594 0.223811 1 
1 465 0.338095 0.239823 0.199085 0.222998 1 
1 466 0.339778 0.239443 0.198619 0.22216 1 
1 467 0.341386 0.239115 0.198194 0.221305 1 
1 468 0.342916 0.238839 0.197807 0.220437 1 
1 469 0.344366 0.238612 0.197457 0.219565 1 
1 470 0.34573 0.238429 0.197144 0.218697 1 
1 471 0.347004 0.238283 0.19687 0.217843 1 
1 472 0.348182 0.238168 0.196639 0.217012 1 
1 473 0.349255 0.238075 0.196454 0.216216 1 
1 474 0.350216 0.237995 0.196324 0.215465 1 
1 475 0.351054 0.237921 0.196255 0.21477 1 
1 476 0.351759 0.237842 0.196257 0.214142 1 
1 477 0.352318 0.237752 0.196338 0.213592 1 
1 478 0.35272 0.237643 0.196509 0.213128 1 
1 479 0.352955 0.23751 0.196777 0.212758 1 
1 480 0.353011 0.237347 0.197153 0.212489 1 
1 481 0.352879 0.237152 0.197643 0.212326 1 
1 482 0.352552 0.236925 0.198251 0.212272 1 
1 483 0.352026 0.236665 0.19898 0.212329 1 
1 484 0.351299 0.236375 0.199832 0.212495 1 
1 485 0.350371 0.236059 0.200802 0.212767 1 
1 486 0.34925 0.235724 0.201885 0.213141 1 
1 487 0.347942 0.235377 0.203071 0.21361 1 
1 488 0.346462 0.235027 0.204347 0.214165 1 
1 489 0.344825 0.234682 0.205697 0.214797 1 
1 490 0.343051 0.234352 0.207102 0.215495 1 
1 491 0.341162 0.23405 0.208542 0.216247 1 
1 492 0.339183 0.233783 0.209992 0.217042 1 
1 493 0.337142 0.233564 0.211429 0.217866 1 
1 494 0.335066 0.2334 0.212827 0.218707 1 
1 495 0.332983 0.233299 0.214162 0.219555 1 
1 496 0.330923 0.23327 0.215409 0.220399 1 
1 497 0.328911 0.233315 0.216546 0.221228 1 
1 498 0.326973 0.23344 0.217552 0.222035 1 
1 499 0.325133 0.233644 0.218411 0.222813 1 
1 500 0.323409 0.233927 0.219109 0.223555 1 
1 501 0.32182 0.234287 0.219636 0.224258 1 
1 502 0.320378 0.234717 0.219985 0.224919 1 
1 503 0.319093 0.235213 0.220157 0.225537 1 
1 504 0.317971 0.235764 0.220154 0.226111 1 
1 505 0.317015 0.236361 0.219982 0.226642 1 
1 506 0.316222 0.236993 0.219654 0.227131 1 
1 507 0.31559 0.237648 0.219183 0.227579 1 
1 508 0.315112 0.238312 0.218586 0.22799 1 
1 509 0.314778 0.238974 0.217884 0.228365 1 
1 510 0.314578 0.239619 0.217097 0.228705 1 
1 511 0.314502 0.240237 0.216248 0.229013 1 
1 512 0.314537 0.240816 0.215358 0.229289 1 
1 513 0.31467 0.241346 0.21445 0.229533 1 
1 514 0.314892 0.241818 0.213544 0.229747 1 
1 515 0.31519 0.242224 0.212658 0.229928 1 
1 516 0.315557 0.242559 0.211808 0.230076 1 
1 517 0.315983 0.24282 0.211009 0.230189 1 
1 518 0.316462 0.243003 0.210271 0.230264 1 
1 519 0.31699 0.24311 0.209601 0.2303 1 
1 520 0.317563 0.24314 0.209004 0.230293 1 
1 521 0.318179 0.243098 0.208481 0.230242 1 
1 522 0.318838 0.242987 0.208032 0.230144 1 
1 523 0.319538 0.242813 0.207652 0.229997 1 
1 524 0.320282 0.242583 0.207335 0.2298 1 
1 525 0.321069 0.242304 0.207076 0.229551 1 
1 526 0.3219 0.241986 0.206864 0.22925 1 
1 527 0.322775 0.241636 0.206691 0.228898 1 
1 528 0.323694 0.241263 0.206548 0.228496 1 
1 529 0.324653 0.240878 0.206425 0.228044 1 
1 530 0.32565 0.240488 0.206315 0.227547 1 
1 531 0.326681 0.240102 0.206211 0.227006 1 
1 532 0.327737 0.23973 0.206107 0.226425 1 
1 533 0.328813 0.239377 0.206 0.22581 1 
1 534 0.329898 0.239052 0.205886 0.225164 1 
1 535 0.330981 0.238759 0.205766 0.224493 1 
1 536 0.332052 0.238504 0.205641 0.223803 1 
1 537 0.333097 0.238289 0.205513 0.2231 1 
1 538 0.334105 0.238116 0.205388 0.222391 1 
1 539 0.335063 0.237986 0.205269 0.221681 1 
1 540 0.335959 0.237898 0.205165 0.220978 1 
1 541 0.336782 0.237847 0.205082 0.220289 1 
1 542 0.337521 0.237832 0.205026 0.219621 1 
1 543 0.338169 0.237845 0.205006 0.21898 1 
1 544 0.338718 0.23788 0.205027 0.218375 1 
1 545 0.339164 0.237929 0.205097 0.217811 1 
1 546 0.339503 0.237983 0.205219 0.217294 1 
1 547 0.339735 0.238034 0.2054 0.216831 1 
1 548 0.339861 0.238073 0.20564 0.216427 1 
1 549 0.339882 0.238091 0.205941 0.216086 1 
1 550 0.339805 0.238079 0.206304 0.215812 1 
1 551 0.339634 0.238031 0.206726 0.215609 1 
1 552 0.339377 0.237942 0.207204 0.215477 1 
1 553 0.33904 0.237807 0.207734 0.215419 1 
1 554 0.338632 0.237625 0.20831 0.215434 1 
1 555 0.338161 0.237395 0.208924 0.21552 1 
1 556 0.337636 0.237122 0.209568 0.215675 1 
1 557 0.337063 0.236809 0.210233 0.215895 1 
1 558 0.336451 0.236463 0.210909 0.216177 1 
1 559 0.335806 0.236093 0.211586 0.216515 1 
1 560 0.335135 0.235709 0.212254 0.216902 1 
1 561 0.334442 0.235323 0.212902 0.217332 1 
1 562 0.333734 0.234947 0.21352 0.217799 1 
1 563 0.333015 0.234593 0.214097 0.218295 1 
1 564 0.332289 0.234275 0.214625 0.218812 1 
1 565 0.331559 0.234004 0.215094 0.219343 1 
1 566 0.33083 0.23379 0.215497 0.219883 1 
1 567 0.330106 0.233644 0.215828 0.220423 1 
1 568 0.329389 0.233572 0.21608 0.220959 1 
1 569 0.328685 0.23358 0.21625 0.221485 1 
1 570 0.327997 0.233671 0.216335 0.221997 1 
1 571 0.32733 0.233846 0.216333 0.222492 1 
1 572 0.326686 0.234102 0.216246 0.222965 1 
1 573 0.326072 0.234437 0.216076 0.223415 1 
1 574 0.325491 0.234844 0.215825 0.22384 1 
1 575 0.324948 0.235316 0.215499 0.224238 1 
1 576 0.324445 0.235842 0.215104 0.224609 1 
1 577 0.323987 0.236413 0.214648 0.224953 1 
1 578 0.323577 0.237016 0.214139 0.225268 1 
1 579 0.323218 0.23764 0.213588 0.225553 1 
1 580 0.322913 0.238274 0.213004 0.225809 1 
1 581 0.322663 0.238905 0.212398 0.226034 1 
1 582 0.322471 0.239523 0.21178 0.226226 1 
1 583 0.322339 0.240116 0.21116 0.226385 1 
1 584 0.322267 0.240677 0.210548 0.226508 1 
1 585 0.322258 0.241196 0.209953 0.226592 1 
1 586 0.322313 0.241668 0.209383 0.226636 1 
1 587 0.322434 0.242086 0.208844 0.226636 1 
1 588 0.322622 0.242447 0.20834 0.22659 1 
1 589 0.322878 0.242749 0.207876 0.226496 1 
1 590 0.323205 0.24299 0.207454 0.226351 1 
1 591 0.323601 0.243171 0.207073 0.226155 1 
1 592 0.324069 0.243292 0.206734 0.225905 1 
1 593 0.324607 0.243355 0.206434 0.225604 1 
1 594 0.325214 0.243363 0.206171 0.225253 1 
1 595 0.325886 0.24332 0.20594 0.224854 1 
1 596 0.326619 0.24323 0.20574 0.224411 1 
1 597 0.327407 0.243097 0.205565 0.223931 1 
1 598 0.328241 0.242926 0.205413 0.22342 1 
1 599 0.329111 0.242722 0.205281 0.222887 1 
1 600 0.330004 0.242489 0.205167 0.22234 1 
1 601 0.330905 0.242233 0.205072 0.22179 1 
1 602 0.3318 0.241958 0.204995 0.221248 1 
1 603 0.33267 0.241667 0.204939 0.220723 1 
1 604 0.333499 0.241367 0.204907 0.220227 1 
1 605 0.334268 0.241059 0.204904 0.21977 1 
1 606 0.33496 0.240746 0.204934 0.219359 1 
1 607 0.33556 0.240433 0.205004 0.219004 1 
1 608 0.336053 0.240121 0.205119 0.218708 1 
1 609 0.336428 0.239811 0.205285 0.218476 1 
1 610 0.336677 0.239506 0.205507 0.21831 1 
1 611 0.336797 0.239205 0.20579 0.218208 1 
1 612 0.336788 0.238911 0.206135 0.218166 1 
1 613 0.336653 0.238623 0.206545 0.21818 1 
1 614 0.336404 0.23834 0.207016 0.218241 1 
1 615 0.336052 0.238064 0.207545 0.218339 1 
1 616 0.335615 0.237792 0.208127 0.218466 1 
1 617 0.335115 0.237525 0.208752 0.218608 1 
1 618 0.334574 0.237262 0.20941 0.218754 1 
1 619 0.334017 0.237001 0.210089 0.218892 1 
1 620 0.333471 0.236742 0.210774 0.219013 1 
1 621 0.332961 0.236483 0.21145 0.219107 1 
1 622 0.33251 0.236223 0.212101 0.219166 1 
1 623 0.332141 0.235961 0.212712 0.219186 1 
1 624 0.331871 0.235696 0.213268 0.219166 1 
1 625 0.331713 0.235427 0.213755 0.219105 1 
1 626 0.331678 0.235153 0.214161 0.219008 1 
1 627 0.331767 0.234874 0.214478 0.218881 1 
1 628 0.331979 0.23459 0.214698 0.218733 1 
1 629 0.332305 0.2343 0.214819 0.218575 1 
1 630 0.332732 0.234007 0.21484 0.218421 1 
1 631 0.33324 0.233712 0.214765 0.218282 1 
1 632 0.333808 0.233417 0.214599 0.218175 1 
1 633 0.33441 0.233126 0.214353 0.218111 1 
1 634 0.335017 0.232842 0.214038 0.218103 1 
1 635 0.3356 0.232571 0.213667 0.218163 1 
1 636 0.336131 0.232317 0.213256 0.218296 1 
1 637 0.336581 0.232088 0.212821 0.21851 1 
1 638 0.336926 0.231891 0.212378 0.218805 1 
1 639 0.337145 0.231732 0.211942 0.21918 1 
1 640 0.337221 0.231621 0.211528 0.21963 1 
1 641 0.337142 0.231562 0.211149 0.220147 1 
1 642 0.336903 0.231565 0.210814 0.220718 1 
1 643 0.336503 0.231635 0.210532 0.22133 1 
1 644 0.335948 0.231778 0.210307 0.221967 1 
1 645 0.33525 0.231997 0.210141 0.222612 1 
1 646 0.334426 0.232294 0.210032 0.223247 1 
1 647 0.333496 0.23267 0.209978 0.223855 1 
1 648 0.332486 0.233124 0.209972 0.224419 1 
1 649 0.331422 0.233651 0.210004 0.224924 1 
1 650 0.330335 0.234244 0.210064 0.225357 1 
1 651 0.329253 0.234897 0.210141 0.225709 1 
1 652 0.328208 0.235598 0.210222 0.225972 1 
1 653 0.327227 0.236336 0.210295 0.226143 1 
1 654 0.326336 0.237096 0.210346 0.226221 1 
1 655 0.32556 0.237865 0.210366 0.22621 1 
1 656 0.324917 0.238627 0.210343 0.226113 1 
1 657 0.324423 0.239368 0.210269 0.22594 1 
1 658 0.324089 0.240072 0.210139 0.2257 1 
1 659 0.323923 0.240725 0.209947 0.225404 1 
1 660 0.323927 0.241316 0.209693 0.225064 1 
1 661 0.324097 0.241833 0.209376 0.224694 1 
1 662 0.324426 0.242269 0.209001 0.224304 1 
1 663 0.324905 0.242618 0.208571 0.223906 1 
1 664 0.325517 0.242876 0.208096 0.223511 1 
1 665 0.326246 0.243043 0.207585 0.223127 1 
1 666 0.32707 0.243121 0.207048 0.222761 1 
1 667 0.327966 0.243115 0.206498 0.22242 1 
1 668 0.328911 0.243033 0.205949 0.222107 1 
1 669 0.329878 0.242883 0.205415 0.221823 1 
1 670 0.330842 0.242677 0.20491 0.221571 1 
1 671 0.331778 0.242426 0.204447 0.221349 1 
1 672 0.33266 0.242142 0.204042 0.221156 1 
1 673 0.333467 0.241838 0.203706 0.220989 1 
1 674 0.334177 0.241526 0.20345 0.220848 1 
1 675 0.334772 0.241217 0.203284 0.220727 1 
1 676 0.335237 0.240921 0.203216 0.220626 1 
1 677 0.335562 0.240645 0.203251 0.220542 1 
1 678 0.33574 0.240396 0.203392 0.220472 1 
1 679 0.335768 0.240178 0.20364 0.220415 1 
1 680 0.335648 0.239992 0.203992 0.220369 1 
1 681 0.335386 0.239837 0.204443 0.220333 1 
1 682 0.334995 0.239711 0.204987 0.220308 1 
1 683 0.334489 0.239609 0.205611 0.220291 1 
1 684 0.333886 0.239525 0.206305 0.220284 1 
1 685 0.33321 0.239451 0.207054 0.220285 1 
1 686 0.332484 0.23938 0.207841 0.220295 1 
1 687 0.331735 0.239302 0.208651 0.220313 1 
1 688 0.33099 0.239208 0.209464 0.220338 1 
1 689 0.330275 0.23909 0.210264 0.220371 1 
1 690 0.329618 0.23894 0.211032 0.22041 1 
1 691 0.329041 0.238753 0.211752 0.220454 1 
1 692 0.328566 0.238522 0.212408 0.220504 1 
1 693 0.328211 0.238244 0.212988 0.220557 1 
1 694 0.327989 0.237917 0.21348 0.220613 1 
1 695 0.327909 0.237543 0.213876 0.220672 1 
1 696 0.327975 0.237122 0.214171 0.220733 1 
1 697 0.328185 0.236659 0.214361 0.220795 1 
1 698 0.328534 0.236158 0.214448 0.220859 1 
1 699 0.329011 0.235629 0.214435 0.220925 1 
1 700 0.329602 0.235077 0.214328 0.220993 1 
1 701 0.330286 0.234514 0.214135 0.221064 1 
1 702 0.331044 0.23395 0.213868 0.221138 1 
1 703 0.331851 0.233395 0.213538 0.221216 1 
1 704 0.332682 0.232861 0.213159 0.221297 1 
1 705 0.333511 0.232359 0.212746 0.221384 1 
1 706 0.334314 0.2319 0.21231 0.221476 1 
1 707 0.335067 0.231494 0.211867 0.221572 1 
1 708 0.335746 0.231151 0.211429 0.221674 1 
1 709 0.336334 0.23088 0.211006 0.221781 1 
1 710 0.336812 0.230688 0.210609 0.221891 1 
1 711 0.337169 0.230582 0.210244 0.222005 1 
1 712 0.337395 0.230567 0.209917 0.222122 1 
1 713 0.337484 0.230645 0.209631 0.22224 1 
1 714 0.337436 0.230818 0.209387 0.222359 1 
1 715 0.337253 0.231087 0.209184 0.222476 1 
1 716 0.336941 0.231448 0.20902 0.222591 1 
1 717 0.336509 0.231898 0.20889 0.222703 1 
1 718 0.335971 0.232431 0.208788 0.22281 1 
1 719 0.335341 0.233039 0.20871 0.22291 1 
1 720 0.334636 0.233713 0.208647 0.223004 1 
1 721 0.333876 0.234441 0.208594 0.223089 1 
1 722 0.33308 0.235212 0.208544 0.223164 1 
1 723 0.332268 0.236012 0.208492 0.223229 1 
1 724 0.33146 0.236826 0.208432 0.223281 1 
1 725 0.330677 0.237641 0.208362 0.223321 1 
1 726 0.329936 0.23844 0.208279 0.223345 1 
1 727 0.329255 0.23921 0.208181 0.223355 1 
1 728 0.328647 0.239936 0.20807 0.223347 1 
1 729 0.328126 0.240606 0.207946 0.223322 1 
1 730 0.327702 0.241207 0.207813 0.223278 1 
1 731 0.327381 0.24173 0.207674 0.223214 1 
1 732 0.327167 0.242167 0.207535 0.223132 1 
1 733 0.327061 0.242511 0.207399 0.22303 1 
1 734 0.327059 0.242759 0.207273 0.222909 1 
1 735 0.327157 0.242911 0.207163 0.22277 1 
1 736 0.327345 0.242966 0.207074 0.222615 1 
1 737 0.327613 0.242928 0.207012 0.222447 1 
1 738 0.327947 0.242804 0.206981 0.222268 1 
1 739 0.328331 0.242599 0.206987 0.222082 1 
1 740 0.32875 0.242323 0.207034 0.221893 1 
1 741 0.329185 0.241987 0.207123 0.221706 1 
1 742 0.329618 0.241602 0.207256 0.221524 1 
1 743 0.330032 0.241179 0.207436 0.221353 1 
1 744 0.330409 0.24073 0.207662 0.221199 1 
1 745 0.330735 0.240268 0.207933 0.221064 1 
1 746 0.330995 0.239804 0.208247 0.220953 1 
1 747 0.331179 0.239349 0.208602 0.22087 1 
1 748 0.331277 0.238913 0.208993 0.220817 1 
1 749 0.331283 0.238504 0.209418 0.220796 1 
1 750 0.331195 0.238129 0.209869 0.220807 1 
1 751 0.331013 0.237795 0.210342 0.22085 1 
1 752 0.330741 0.237506 0.210831 0.220923 1 
1 753 0.330384 0.237264 0.211327 0.221024 1 
1 754 0.329954 0.237071 0.211826 0.221149 1 
1 755 0.32946 0.236927 0.212318 0.221295 1 
1 756 0.328918 0.236831 0.212796 0.221455 1 
1 757 0.328343 0.23678 0.213253 0.221624 1 
1 758 0.32775 0.23677 0.213682 0.221798 1 
1 759 0.327159 0.236796 0.214076 0.221969 1 
1 760 0.326584 0.236854 0.214428 0.222133 1 
1 761 0.326044 0.236937 0.214733 0.222286 1 
1 762 0.325554 0.237039 0.214985 0.222422 1 
1 763 0.325128 0.237153 0.215181 0.222538 1 
1 764 0.324779 0.237272 0.215318 0.222631 1 
1 765 0.324517 0.237389 0.215393 0.222701 1 
1 766 0.324349 0.237499 0.215407 0.222745 1 
1 767 0.324282 0.237595 0.21536 0.222764 1 
1 768 0.324317 0.237671 0.215253 0.222759 1 
1 769 0.324455 0.237724 0.21509 0.222731 1 
1 770 0.324693 0.237749 0.214874 0.222684 1 
1 771 0.325027 0.237743 0.214612 0.222619 1 
1 772 0.325448 0.237705 0.214309 0.222539 1 
1 773 0.325948 0.237634 0.213972 0.222447 1 
1 774 0.326516 0.23753 0.213607 0.222346 1 
1 775 0.327139 0.237396 0.213224 0.22224 1 
1 776 0.327805 0.237235 0.212829 0.22213 1 
1 777 0.328499 0.23705 0.212431 0.22202 1 
1 778 0.329207 0.236847 0.212035 0.22191 1 
1 779 0.329915 0.236631 0.211651 0.221804 1 
1 780 0.330607 0.236409 0.211282 0.221702 1 
1 781 0.331271 0.236188 0.210936 0.221606 1 
1 782 0.331893 0.235975 0.210615 0.221517 1 
1 783 0.332461 0.235778 0.210324 0.221437 1 
1 784 0.332964 0.235604 0.210066 0.221366 1 
1 785 0.333394 0.235459 0.20984 0.221307 1 
1 786 0.333743 0.235351 0.209647 0.22126 1 
1 787 0.334004 0.235283 0.209485 0.221227 1 
1 788 0.334174 0.235262 0.209354 0.22121 1 
1 789 0.334251 0.23529 0.209249 0.221209 1 
1 790 0.334234 0.235371 0.209168 0.221227 1 
1 791 0.334127 0.235504 0.209105 0.221264 1 
1 792 0.333932 0.235691 0.209056 0.221321 1 
1 793 0.333656 0.235929 0.209016 0.221399 1 
1 794 0.333307 0.236217 0.20898 0.221496 1 
1 795 0.332894 0.236551 0.208943 0.221612 1 
1 796 0.332428 0.236926 0.208901 0.221744 1 
1 797 0.331922 0.237338 0.20885 0.22189 1 
1 798 0.331388 0.23778 0.208788 0.222044 1 
1 799 0.330839 0.238245 0.208712 0.222204 1 
1 800 0.330288 0.238728 0.208622 0.222362 1 
1 801 0.32975 0.239219 0.208517 0.222514 1 
1 802 0.329234 0.239714 0.208401 0.222651 1 
1 803 0.328754 0.240203 0.208274 0.222769 1 
1 804 0.328317 0.240681 0.208143 0.222859 1 
1 805 0.327933 0.24114 0.208011 0.222917 1 
1 806 0.327606 0.241575 0.207884 0.222935 1 
1 807 0.32734 0.241978 0.20777 0.222911 1 
1 808 0.327137 0.242346 0.207676 0.22284 1 
1 809 0.326997 0.242674 0.207608 0.222721 1 
1 810 0.326915 0.242957 0.207574 0.222554 1 
1 811 0.326887 0.243193 0.20758 0.222341 1 
1 812 0.326906 0.243379 0.207632 0.222083 1 
1 813 0.326966 0.243513 0.207735 0.221787 1 
1 814 0.327056 0.243593 0.207892 0.221459 1 
1 815 0.327167 0.243622 0.208105 0.221107 1 
1 816 0.32729 0.243597 0.208373 0.220739 1 
1 817 0.327415 0.243523 0.208696 0.220366 1 
1 818 0.327533 0.2434 0.20907 0.219997 1 
1 819 0.327637 0.243232 0.209488 0.219643 1 
1 820 0.327719 0.243024 0.209944 0.219314 1 
1 821 0.327774 0.242779 0.210429 0.219018 1 
1 822 0.327799 0.242504 0.210933 0.218764 1 
1 823 0.327791 0.242205 0.211446 0.218559 1 
1 824 0.327749 0.241887 0.211956 0.218408 1 
1 825 0.327675 0.241558 0.212451 0.218315 1 
1 826 0.327571 0.241226 0.212922 0.218281 1 
1 827 0.32744 0.240896 0.213357 0.218307 1 
1 828 0.327287 0.240575 0.213747 0.21839 1 
1 829 0.327119 0.24027 0.214084 0.218527 1 
1 830 0.326941 0.239987 0.214361 0.218711 1 
1 831 0.32676 0.239728 0.214574 0.218938 1 
1 832 0.326584 0.239499 0.214719 0.219198 1 
1 833 0.32642 0.2393 0.214797 0.219483 1 
1 834 0.326276 0.239132 0.214807 0.219785 1 
1 835 0.326158 0.238995 0.214753 0.220093 1 
1 836 0.326075 0.238886 0.21464 0.2204 1 
1 837 0.326032 0.2388 0.214472 0.220696 1 
1 838 0.326037 0.238733 0.214258 0.220973 1 
1 839 0.326095 0.238677 0.214004 0.221224 1 
1 840 0.326213 0.238626 0.213718 0.221444 1 
1 841 0.326394 0.23857 0.213408 0.221628 1 
1 842 0.326644 0.238502 0.213082 0.221772 1 
1 843 0.326964 0.238413 0.212748 0.221875 1 
1 844 0.327358 0.238295 0.212411 0.221937 1 
1 845 0.327825 0.238142 0.212076 0.221957 1 
1 846 0.328365 0.237948 0.211748 0.221938 1 
1 847 0.328976 0.23771 0.21143 0.221883 1 
1 848 0.329654 0.237427 0.211123 0.221796 1 
1 849 0.330391 0.237099 0.210828 0.221682 1 
1 850 0.331181 0.23673 0.210544 0.221545 1 
1 851 0.332012 0.236325 0.21027 0.221392 1 
1 852 0.332873 0.235895 0.210004 0.221228 1 
1 853 0.33375 0.235448 0.209744 0.221058 1 
1 854 0.334628 0.234999 0.209486 0.220888 1 
1 855 0.335489 0.234561 0.209227 0.220723 1 
1 856 0.336317 0.234149 0.208967 0.220567 1 
1 857 0.337093 0.233781 0.208702 0.220424 1 
1 858 0.3378 0.233472 0.208431 0.220297 1 
1 859 0.338421 0.233236 0.208155 0.220188 1 
1 860 0.33894 0.233088 0.207874 0.220098 1 
1 861 0.339344 0.233039 0.207589 0.220027 1 
1 862 0.339621 0.233099 0.207304 0.219976 1 
1 863 0.339763 0.233272 0.207021 0.219944 1 
1 864 0.339763 0.233562 0.206747 0.219928 1 
1 865 0.339619 0.233968 0.206486 0.219928 1 
1 866 0.339333 0.234484 0.206243 0.21994 1 
1 867 0.338908 0.235103 0.206027 0.219963 1 
1 868 0.338353 0.235812 0.205842 0.219994 1 
1 869 0.337677 0.236596 0.205696 0.22003 1 
1 870 0.336895 0.237438 0.205595 0.220071 1 
1 871 0.336023 0.238319 0.205545 0.220114 1 
1 872 0.335077 0.239216 0.205549 0.220158 1 
1 873 0.334076 0.240109 0.205612 0.220203 1 
1 874 0.333039 0.240977 0.205736 0.220248 1 
1 875 0.331986 0.241797 0.205922 0.220294 1 
1 876 0.330936 0.242553 0.206169 0.220342 1 
1 877 0.329906 0.243226 0.206476 0.220392 1 
1 878 0.328914 0.243802 0.206837 0.220446 1 
1 879 0.327974 0.244271 0.207248 0.220506 1 
1 880 0.327101 0.244626 0.207702 0.220572 1 
1 881 0.326304 0.244861 0.208189 0.220646 1 
1 882 0.325594 0.244977 0.2087 0.220728 1 
1 883 0.324978 0.244977 0.209225 0.22082 1 
1 884 0.32446 0.244867 0.209752 0.220921 1 
1 885 0.324045 0.244656 0.210269 0.22103 1 
1 886 0.323734 0.244355 0.210765 0.221146 1 
1 887 0.323526 0.243978 0.211228 0.221268 1 
1 888 0.323421 0.243538 0.211649 0.221392 1 
1 889 0.323415 0.243051 0.212017 0.221518 1 
1 890 0.323504 0.242531 0.212325 0.22164 1 
1 891 0.323683 0.241993 0.212567 0.221757 1 
1 892 0.323946 0.24145 0.212738 0.221866 1 
1 893 0.324286 0.240914 0.212836 0.221963 1 
1 894 0.324696 0.240396 0.212862 0.222046 1 
1 895 0.325165 0.239905 0.212817 0.222113 1 
1 896 0.325686 0.239445 0.212706 0.222163 1 
1 897 0.326248 0.239024 0.212534 0.222194 1 
