Step Time(ns) rpsystem.singlet rpsystem.t0 rpsystem.tp rpsystem.tm rpsystem.identity 
1 0  1 2.25122e-33 0 0 1
1 1  0.989536 0.00350244 0.0034811 0.00348095 1
1 2  0.958881 0.0137713 0.013674 0.0136735 1
1 3  0.910181 0.030114 0.029852 0.0298526 1
1 4  0.846777 0.0514479 0.0508842 0.0508908 1
1 5  0.772883 0.0763999 0.0753474 0.0753699 1
1 6  0.693188 0.10343 0.101664 0.101718 1
1 7  0.612428 0.130964 0.12825 0.128357 1
1 8  0.534967 0.15753 0.153658 0.153845 1
1 9  0.464444 0.181868 0.176696 0.176992 1
1 10  0.403516 0.203021 0.196515 0.196948 1
1 11  0.353717 0.220386 0.212649 0.213247 1
1 12  0.315447 0.233732 0.225019 0.225802 1
1 13  0.288085 0.243169 0.233884 0.234862 1
1 14  0.270198 0.249095 0.239768 0.240939 1
1 15  0.259828 0.252116 0.243353 0.244703 1
1 16  0.254801 0.252946 0.245378 0.246875 1
1 17  0.253031 0.252316 0.246526 0.248127 1
1 18  0.252779 0.250884 0.247343 0.248994 1
1 19  0.252838 0.249166 0.248178 0.249818 1
1 20  0.252626 0.247498 0.249156 0.250721 1
1 21  0.252179 0.246015 0.250187 0.251618 1
1 22  0.252064 0.244675 0.251007 0.252254 1
1 23  0.253211 0.243285 0.251237 0.252267 1
1 24  0.256711 0.241568 0.250463 0.251258 1
1 25  0.263597 0.239218 0.248308 0.248876 1
1 26  0.274647 0.235966 0.24451 0.244878 1
1 27  0.290224 0.231635 0.238963 0.239178 1
1 28  0.31019 0.226178 0.231752 0.23188 1
1 29  0.333886 0.219697 0.223149 0.223268 1
1 30  0.360183 0.21244 0.213592 0.213786 1
1 31  0.387602 0.204776 0.203634 0.203988 1
1 32  0.414468 0.197162 0.193887 0.194483 1
1 33  0.439096 0.190087 0.184955 0.185863 1
1 34  0.459961 0.184021 0.17737 0.178648 1
1 35  0.475857 0.179368 0.171542 0.173233 1
1 36  0.486002 0.176421 0.167722 0.169855 1
1 37  0.490094 0.175341 0.165988 0.168577 1
1 38  0.488313 0.176139 0.166252 0.169297 1
1 39  0.481263 0.178688 0.168277 0.171771 1
1 40  0.469884 0.18274 0.171724 0.175652 1
1 41  0.455322 0.18796 0.176189 0.18053 1
1 42  0.438807 0.19396 0.181251 0.185981 1
1 43  0.421526 0.200345 0.186518 0.19161 1
1 44  0.404524 0.20674 0.191658 0.197078 1
1 45  0.388634 0.212824 0.196416 0.202126 1
1 46  0.374441 0.21835 0.200628 0.206582 1
1 47  0.362287 0.223146 0.204213 0.210354 1
1 48  0.352299 0.22712 0.20716 0.213421 1
1 49  0.344436 0.230245 0.209507 0.215812 1
1 50  0.338552 0.232545 0.211322 0.217582 1
1 51  0.334447 0.234075 0.212679 0.218799 1
1 52  0.33192 0.234906 0.213646 0.219528 1
1 53  0.330795 0.23511 0.214275 0.21982 1
1 54  0.330934 0.234752 0.214597 0.219716 1
1 55  0.332229 0.233889 0.214634 0.219248 1
1 56  0.334586 0.232567 0.214401 0.218446 1
1 57  0.337895 0.230834 0.213918 0.217353 1
1 58  0.342008 0.228745 0.213221 0.216026 1
1 59  0.346715 0.22637 0.212368 0.214548 1
1 60  0.351743 0.223798 0.211438 0.213021 1
1 61  0.356753 0.221144 0.210535 0.211568 1
1 62  0.361369 0.21854 0.209769 0.210321 1
1 63  0.365207 0.21613 0.209256 0.209407 1
1 64  0.367909 0.214057 0.209095 0.208938 1
1 65  0.369188 0.212456 0.209361 0.208995 1
1 66  0.368855 0.211431 0.210094 0.20962 1
1 67  0.366847 0.211051 0.21129 0.210812 1
1 68  0.363232 0.211339 0.212906 0.212523 1
1 69  0.358201 0.21227 0.214861 0.214668 1
1 70  0.35205 0.213774 0.217044 0.217132 1
1 71  0.345145 0.215741 0.219332 0.219782 1
1 72  0.337886 0.218034 0.221599 0.222481 1
1 73  0.330663 0.220503 0.22373 0.225104 1
1 74  0.323825 0.223001 0.225632 0.227542 1
1 75  0.31765 0.225393 0.227242 0.229715 1
1 76  0.31233 0.227574 0.228525 0.231571 1
1 77  0.307968 0.229467 0.229478 0.233087 1
1 78  0.304584 0.231032 0.230121 0.234263 1
1 79  0.302136 0.232263 0.230488 0.235114 1
1 80  0.300534 0.233179 0.230621 0.235666 1
1 81  0.299671 0.23382 0.230562 0.235948 1
1 82  0.299434 0.234237 0.230343 0.235985 1
1 83  0.299729 0.234482 0.22999 0.2358 1
1 84  0.300477 0.234601 0.229513 0.235409 1
1 85  0.301625 0.234634 0.228915 0.234826 1
1 86  0.303131 0.234605 0.228197 0.234066 1
1 87  0.304962 0.23453 0.227358 0.233151 1
1 88  0.307077 0.234413 0.226403 0.232108 1
1 89  0.309422 0.234254 0.225346 0.230977 1
1 90  0.311925 0.234053 0.224214 0.229807 1
1 91  0.314494 0.233809 0.223042 0.228654 1
1 92  0.317023 0.233527 0.221873 0.227578 1
1 93  0.319402 0.233213 0.220752 0.226634 1
1 94  0.321532 0.232879 0.21972 0.225869 1
1 95  0.323333 0.232539 0.218813 0.225315 1
1 96  0.32476 0.232204 0.21805 0.224986 1
1 97  0.325803 0.231885 0.217437 0.224875 1
1 98  0.326493 0.231586 0.216965 0.224955 1
1 99  0.326895 0.231309 0.216612 0.225185 1
1 100  0.327096 0.231052 0.216343 0.225509 1
1 101  0.327192 0.230815 0.216124 0.225869 1
1 102  0.327278 0.230596 0.215918 0.226208 1
1 103  0.327428 0.2304 0.215695 0.226477 1
1 104  0.327692 0.230237 0.215432 0.226639 1
1 105  0.328085 0.230126 0.21512 0.22667 1
1 106  0.328597 0.230086 0.214757 0.226561 1
1 107  0.329191 0.230142 0.214351 0.226316 1
1 108  0.32982 0.230314 0.213917 0.225949 1
1 109  0.330437 0.230614 0.213469 0.22548 1
1 110  0.331004 0.231041 0.213024 0.224932 1
1 111  0.331503 0.231577 0.212593 0.224327 1
1 112  0.331937 0.23219 0.212186 0.223687 1
1 113  0.332329 0.23283 0.211809 0.223031 1
1 114  0.332716 0.233436 0.211469 0.222379 1
1 115  0.333133 0.233946 0.211172 0.221748 1
1 116  0.333605 0.234303 0.210929 0.221163 1
1 117  0.334133 0.234463 0.210757 0.220647 1
1 118  0.334688 0.234404 0.210676 0.220233 1
1 119  0.335208 0.23413 0.21071 0.219951 1
1 120  0.335605 0.233674 0.210885 0.219836 1
1 121  0.335776 0.233091 0.211219 0.219915 1
1 122  0.335622 0.23245 0.21172 0.220208 1
1 123  0.335067 0.231827 0.212385 0.220721 1
1 124  0.334079 0.231288 0.213189 0.221444 1
1 125  0.332685 0.230877 0.21409 0.222348 1
1 126  0.330979 0.230608 0.215028 0.223385 1
1 127  0.329117 0.230456 0.215935 0.224491 1
1 128  0.327309 0.23036 0.216736 0.225595 1
1 129  0.32579 0.230227 0.217363 0.22662 1
1 130  0.324794 0.229949 0.217761 0.227496 1
1 131  0.324516 0.229416 0.217901 0.228166 1
1 132  0.325083 0.228542 0.217783 0.228592 1
1 133  0.326524 0.22728 0.217437 0.228759 1
1 134  0.328758 0.225642 0.216924 0.228676 1
1 135  0.33159 0.223706 0.216327 0.228377 1
1 136  0.334728 0.221618 0.215741 0.227913 1
1 137  0.337812 0.219581 0.215262 0.227344 1
1 138  0.340456 0.217839 0.214971 0.226735 1
1 139  0.342294 0.216644 0.214921 0.226141 1
1 140  0.343032 0.216229 0.215132 0.225607 1
1 141  0.342492 0.21677 0.215582 0.225156 1
1 142  0.340638 0.218359 0.21621 0.224793 1
1 143  0.337596 0.220983 0.216922 0.224499 1
1 144  0.333645 0.224509 0.217604 0.224243 1
1 145  0.329192 0.228694 0.218135 0.22398 1
1 146  0.324729 0.2332 0.218405 0.223666 1
1 147  0.320778 0.237628 0.218333 0.223261 1
1 148  0.317828 0.241559 0.217875 0.222738 1
1 149  0.316275 0.244603 0.217035 0.222088 1
1 150  0.316371 0.246441 0.215866 0.221322 1
1 151  0.318194 0.246874 0.214465 0.220468 1
1 152  0.321627 0.245842 0.212959 0.219572 1
1 153  0.326375 0.243443 0.211494 0.218688 1
1 154  0.331993 0.239922 0.21021 0.217875 1
1 155  0.337941 0.235648 0.209227 0.217184 1
1 156  0.34364 0.231076 0.208625 0.216658 1
1 157  0.348549 0.22669 0.208438 0.216323 1
1 158  0.352223 0.222946 0.208644 0.216187 1
1 159  0.354367 0.220224 0.209169 0.21624 1
1 160  0.354873 0.218771 0.209901 0.216456 1
1 161  0.353829 0.218678 0.210696 0.216797 1
1 162  0.35151 0.219864 0.211407 0.217219 1
1 163  0.34834 0.222087 0.211894 0.217679 1
1 164  0.34484 0.224973 0.212052 0.218135 1
1 165  0.341567 0.228061 0.211817 0.218555 1
1 166  0.33904 0.230866 0.211178 0.218917 1
1 167  0.337679 0.232934 0.210179 0.219209 1
1 168  0.337755 0.233908 0.208911 0.219427 1
1 169  0.33935 0.233573 0.207501 0.219576 1
1 170  0.342353 0.231886 0.206095 0.219666 1
1 171  0.346464 0.228985 0.20484 0.219711 1
1 172  0.351229 0.22518 0.203866 0.219725 1
1 173  0.356091 0.220914 0.20327 0.219725 1
1 174  0.360449 0.216717 0.203104 0.21973 1
1 175  0.363722 0.213141 0.203377 0.21976 1
1 176  0.365411 0.210696 0.20405 0.219843 1
1 177  0.365152 0.20979 0.205048 0.22001 1
1 178  0.36275 0.21068 0.206272 0.220298 1
1 179  0.358196 0.213443 0.207613 0.220748 1
1 180  0.351667 0.217963 0.20897 0.2214 1
1 181  0.343504 0.223948 0.21026 0.222288 1
1 182  0.334176 0.230957 0.211429 0.223439 1
1 183  0.324235 0.238451 0.212456 0.224859 1
1 184  0.314264 0.245851 0.213353 0.226532 1
1 185  0.304827 0.252599 0.214158 0.228416 1
1 186  0.296423 0.258211 0.214926 0.23044 1
1 187  0.289451 0.262326 0.215714 0.232509 1
1 188  0.284188 0.264733 0.216574 0.234505 1
1 189  0.280778 0.265384 0.217538 0.2363 1
1 190  0.27924 0.264385 0.218611 0.237764 1
1 191  0.279473 0.261975 0.21977 0.238781 1
1 192  0.281288 0.258489 0.220967 0.239257 1
1 193  0.284426 0.254311 0.222131 0.239132 1
1 194  0.288593 0.249833 0.223182 0.238392 1
1 195  0.293479 0.245414 0.22404 0.237066 1
1 196  0.298784 0.241345 0.22464 0.235232 1
1 197  0.304232 0.237827 0.224937 0.233003 1
1 198  0.309583 0.234971 0.224918 0.230528 1
1 199  0.314638 0.232796 0.224599 0.227967 1
1 200  0.319236 0.231249 0.224028 0.225487 1
1 201  0.323256 0.230225 0.223278 0.22324 1
1 202  0.326611 0.229599 0.222435 0.221354 1
1 203  0.329246 0.229246 0.221588 0.21992 1
1 204  0.331135 0.229062 0.220818 0.218986 1
1 205  0.332277 0.228979 0.220186 0.218558 1
1 206  0.332703 0.228969 0.219726 0.218601 1
1 207  0.332472 0.229041 0.219445 0.219043 1
1 208  0.33167 0.229225 0.219315 0.21979 1
1 209  0.330415 0.229566 0.219285 0.220734 1
1 210  0.328849 0.230099 0.219287 0.221765 1
1 211  0.327133 0.230841 0.219243 0.222783 1
1 212  0.32544 0.231776 0.219079 0.223704 1
1 213  0.323941 0.232855 0.218734 0.22447 1
1 214  0.322791 0.233994 0.218169 0.225045 1
1 215  0.322119 0.235089 0.217371 0.225421 1
1 216  0.322009 0.236024 0.216354 0.225613 1
1 217  0.322496 0.236692 0.215161 0.225651 1
1 218  0.323561 0.237008 0.213855 0.225577 1
1 219  0.325124 0.236925 0.212512 0.225439 1
1 220  0.327061 0.236439 0.211217 0.225283 1
1 221  0.329205 0.235593 0.210049 0.225152 1
1 222  0.331371 0.234471 0.20908 0.225077 1
1 223  0.33337 0.233185 0.208362 0.225083 1
1 224  0.335029 0.23186 0.207928 0.225182 1
1 225  0.336213 0.230619 0.207791 0.225377 1
1 226  0.336837 0.229559 0.207944 0.22566 1
1 227  0.336877 0.228746 0.208359 0.226018 1
1 228  0.336373 0.228197 0.209001 0.226429 1
1 229  0.335424 0.227885 0.209821 0.226869 1
1 230  0.334177 0.227742 0.210771 0.227309 1
1 231  0.332812 0.22767 0.2118 0.227718 1
1 232  0.331517 0.227557 0.212861 0.228066 1
1 233  0.330471 0.227296 0.213913 0.228321 1
1 234  0.32982 0.226804 0.214918 0.228458 1
1 235  0.329664 0.226035 0.215846 0.228456 1
1 236  0.330037 0.224991 0.21667 0.228301 1
1 237  0.330914 0.223725 0.21737 0.227991 1
1 238  0.332206 0.222334 0.217926 0.227534 1
1 239  0.333772 0.220951 0.218327 0.22695 1
1 240  0.33544 0.219727 0.218562 0.22627 1
1 241  0.337026 0.218813 0.218629 0.225532 1
1 242  0.338354 0.218335 0.218529 0.224782 1
1 243  0.339281 0.218386 0.21827 0.224063 1
1 244  0.339714 0.219004 0.217867 0.223416 1
1 245  0.339621 0.220169 0.21734 0.222871 1
1 246  0.339035 0.221806 0.216713 0.222446 1
1 247  0.338055 0.22379 0.216013 0.222141 1
1 248  0.336831 0.22596 0.215268 0.221941 1
1 249  0.335547 0.228138 0.214501 0.221813 1
1 250  0.334403 0.230149 0.213733 0.221715 1
1 251  0.33359 0.231836 0.212977 0.221597 1
1 252  0.333265 0.233084 0.212241 0.22141 1
1 253  0.333541 0.233822 0.211527 0.22111 1
1 254  0.334463 0.234033 0.210833 0.220671 1
1 255  0.33601 0.233753 0.210153 0.220083 1
1 256  0.338096 0.23306 0.209486 0.219359 1
1 257  0.340573 0.232064 0.208831 0.218532 1
1 258  0.343251 0.230895 0.208198 0.217656 1
1 259  0.345918 0.229681 0.207602 0.2168 1
1 260  0.348354 0.228539 0.207068 0.216038 1
1 261  0.35036 0.227563 0.206631 0.215446 1
1 262  0.351769 0.226813 0.20633 0.215087 1
1 263  0.352464 0.226319 0.206207 0.21501 1
1 264  0.352384 0.226077 0.2063 0.215239 1
1 265  0.351527 0.226056 0.206643 0.215774 1
1 266  0.349945 0.226211 0.207256 0.216588 1
1 267  0.347739 0.226486 0.208147 0.217628 1
1 268  0.345044 0.226826 0.209304 0.218826 1
1 269  0.342018 0.227186 0.210699 0.220097 1
1 270  0.338828 0.227531 0.212287 0.221354 1
1 271  0.335638 0.227843 0.214006 0.222513 1
1 272  0.332599 0.228117 0.215786 0.223498 1
1 273  0.329842 0.228356 0.21755 0.224252 1
1 274  0.327476 0.228571 0.219221 0.224732 1
1 275  0.325582 0.228772 0.220726 0.224919 1
1 276  0.324221 0.228964 0.222004 0.224812 1
1 277  0.323427 0.229144 0.223004 0.224425 1
1 278  0.323215 0.229302 0.223694 0.223788 1
1 279  0.323582 0.229421 0.224058 0.222939 1
1 280  0.324503 0.229481 0.224098 0.221918 1
1 281  0.325936 0.229461 0.223832 0.220771 1
1 282  0.327821 0.229348 0.223292 0.219539 1
1 283  0.33008 0.229137 0.222522 0.218261 1
1 284  0.332616 0.228838 0.221571 0.216975 1
1 285  0.335319 0.228471 0.220496 0.215713 1
1 286  0.338069 0.228072 0.219354 0.214504 1
1 287  0.340742 0.227682 0.218198 0.213378 1
1 288  0.343219 0.227343 0.217079 0.212359 1
1 289  0.345394 0.227095 0.216039 0.211472 1
1 290  0.347183 0.226967 0.215112 0.210737 1
1 291  0.348535 0.226971 0.214324 0.21017 1
1 292  0.34943 0.227101 0.213688 0.20978 1
1 293  0.349886 0.227333 0.21321 0.209571 1
1 294  0.349955 0.227626 0.212883 0.209536 1
1 295  0.349717 0.227927 0.212695 0.209661 1
1 296  0.349267 0.228183 0.212627 0.209923 1
1 297  0.348708 0.228343 0.212655 0.210294 1
1 298  0.348134 0.228369 0.212756 0.210741 1
1 299  0.347617 0.228244 0.212906 0.211232 1
1 300  0.347202 0.227975 0.213086 0.211737 1
1 301  0.346896 0.227592 0.213281 0.212231 1
1 302  0.346669 0.227148 0.213486 0.212698 1
1 303  0.346458 0.226712 0.213701 0.213129 1
1 304  0.346178 0.226363 0.213934 0.213525 1
1 305  0.345735 0.226175 0.214198 0.213892 1
1 306  0.345036 0.226212 0.214511 0.214241 1
1 307  0.344012 0.226516 0.21489 0.214582 1
1 308  0.342624 0.227101 0.215349 0.214926 1
1 309  0.340878 0.227951 0.215898 0.215273 1
1 310  0.338825 0.229018 0.216537 0.21562 1
1 311  0.33656 0.230228 0.217259 0.215953 1
1 312  0.334215 0.23149 0.218044 0.21625 1
1 313  0.331943 0.232705 0.218865 0.216487 1
1 314  0.329901 0.233775 0.219688 0.216636 1
1 315  0.328235 0.234619 0.220473 0.216673 1
1 316  0.327058 0.235178 0.221184 0.21658 1
1 317  0.326439 0.235423 0.221786 0.216352 1
1 318  0.32639 0.235359 0.222254 0.215997 1
1 319  0.326868 0.235023 0.222573 0.215537 1
1 320  0.327773 0.234477 0.222741 0.215009 1
1 321  0.328963 0.233804 0.222771 0.214462 1
1 322  0.330266 0.233097 0.222687 0.21395 1
1 323  0.331501 0.232446 0.222523 0.21353 1
1 324  0.332497 0.23193 0.222318 0.213255 1
1 325  0.333112 0.231611 0.222113 0.213165 1
1 326  0.333245 0.231522 0.221946 0.213287 1
1 327  0.332848 0.231674 0.221847 0.213631 1
1 328  0.331929 0.232049 0.221838 0.214185 1
1 329  0.330547 0.232609 0.221924 0.21492 1
1 330  0.328807 0.233301 0.222101 0.215791 1
1 331  0.326842 0.234064 0.222351 0.216743 1
1 332  0.324797 0.234839 0.22265 0.217714 1
1 333  0.322818 0.235573 0.222965 0.218644 1
1 334  0.32103 0.236226 0.223264 0.21948 1
1 335  0.319531 0.236774 0.223519 0.220176 1
1 336  0.318379 0.237211 0.223707 0.220703 1
1 337  0.317596 0.237541 0.223818 0.221045 1
1 338  0.317165 0.237782 0.22385 0.221203 1
1 339  0.317039 0.237958 0.223815 0.221188 1
1 340  0.317153 0.238093 0.223733 0.221021 1
1 341  0.317433 0.238207 0.223632 0.220728 1
1 342  0.317803 0.238314 0.223546 0.220337 1
1 343  0.318203 0.23842 0.223505 0.219873 1
1 344  0.318586 0.238521 0.223539 0.219354 1
1 345  0.318929 0.238607 0.223668 0.218796 1
1 346  0.319227 0.238664 0.223905 0.218205 1
1 347  0.319494 0.238675 0.22425 0.217581 1
1 348  0.319755 0.238627 0.224696 0.216922 1
1 349  0.320042 0.23851 0.225224 0.216224 1
1 350  0.320387 0.23832 0.225807 0.215486 1
1 351  0.320813 0.238061 0.226417 0.214709 1
1 352  0.32134 0.23774 0.22702 0.213901 1
1 353  0.321971 0.237368 0.227586 0.213075 1
1 354  0.322702 0.236958 0.228088 0.212253 1
1 355  0.323519 0.236521 0.228503 0.211457 1
1 356  0.324401 0.236065 0.228816 0.210718 1
1 357  0.325324 0.235594 0.229017 0.210065 1
1 358  0.326263 0.235109 0.229104 0.209523 1
1 359  0.327193 0.23461 0.229079 0.209118 1
1 360  0.32809 0.234094 0.22895 0.208866 1
1 361  0.328929 0.233566 0.228726 0.208779 1
1 362  0.329687 0.233033 0.22842 0.20886 1
1 363  0.330337 0.232511 0.228048 0.209105 1
1 364  0.330848 0.232024 0.227622 0.209505 1
1 365  0.331189 0.231605 0.227161 0.210045 1
1 366  0.331326 0.231289 0.226678 0.210707 1
1 367  0.331229 0.231111 0.226191 0.211469 1
1 368  0.330873 0.231103 0.225714 0.21231 1
1 369  0.330248 0.231286 0.225261 0.213205 1
1 370  0.329356 0.231666 0.224847 0.214131 1
1 371  0.328222 0.232232 0.224481 0.215065 1
1 372  0.326893 0.232953 0.224171 0.215982 1
1 373  0.325436 0.233784 0.223921 0.21686 1
1 374  0.323932 0.234663 0.223729 0.217676 1
1 375  0.322475 0.235526 0.22359 0.218408 1
1 376  0.321157 0.236308 0.223497 0.219038 1
1 377  0.32006 0.236952 0.223438 0.21955 1
1 378  0.319245 0.237421 0.223399 0.219935 1
1 379  0.318745 0.237696 0.223369 0.22019 1
1 380  0.318561 0.237784 0.223337 0.220318 1
1 381  0.318657 0.237715 0.223297 0.220331 1
1 382  0.31897 0.237537 0.223247 0.220246 1
1 383  0.319412 0.23731 0.223192 0.220086 1
1 384  0.319889 0.237095 0.223138 0.219877 1
1 385  0.320308 0.236946 0.2231 0.219646 1
1 386  0.320597 0.236897 0.22309 0.219416 1
1 387  0.320717 0.236959 0.223122 0.219203 1
1 388  0.320666 0.237113 0.223206 0.219016 1
1 389  0.320489 0.237312 0.223346 0.218853 1
1 390  0.320269 0.237488 0.223539 0.218704 1
1 391  0.320121 0.237555 0.223776 0.218548 1
1 392  0.320171 0.23743 0.224039 0.218359 1
1 393  0.320544 0.23704 0.224305 0.21811 1
1 394  0.321337 0.236339 0.224549 0.217775 1
1 395  0.322601 0.235318 0.224747 0.217335 1
1 396  0.324326 0.234011 0.22488 0.216783 1
1 397  0.326435 0.2325 0.224938 0.216126 1
1 398  0.328781 0.230905 0.224925 0.215389 1
1 399  0.331158 0.229378 0.224856 0.214608 1
1 400  0.33332 0.228086 0.224759 0.213835 1
1 401  0.335006 0.22719 0.224677 0.213128 1
1 402  0.335971 0.226827 0.224655 0.212547 1
1 403  0.336017 0.227093 0.224745 0.212145 1
1 404  0.33502 0.228023 0.224992 0.211965 1
1 405  0.332952 0.229589 0.225432 0.212028 1
1 406  0.329891 0.231694 0.226083 0.212332 1
1 407  0.326022 0.234184 0.226943 0.212851 1
1 408  0.321624 0.236854 0.227988 0.213533 1
1 409  0.317043 0.239479 0.22917 0.214307 1
1 410  0.312661 0.241829 0.230422 0.215087 1
1 411  0.308855 0.2437 0.231663 0.215782 1
1 412  0.305957 0.244932 0.232803 0.216307 1
1 413  0.304221 0.245434 0.233757 0.216588 1
1 414  0.303788 0.245186 0.234448 0.216577 1
1 415  0.304678 0.24425 0.234819 0.216253 1
1 416  0.306778 0.242758 0.234836 0.215628 1
1 417  0.309863 0.240899 0.234494 0.214744 1
1 418  0.313614 0.238896 0.233818 0.213672 1
1 419  0.317659 0.236981 0.232856 0.212504 1
1 420  0.321613 0.235369 0.23168 0.211339 1
1 421  0.325119 0.234233 0.230369 0.210278 1
1 422  0.327893 0.233686 0.229011 0.20941 1
1 423  0.329752 0.233767 0.227682 0.208799 1
1 424  0.330631 0.234437 0.226448 0.208483 1
1 425  0.330593 0.235592 0.22535 0.208466 1
1 426  0.329813 0.237067 0.224403 0.208717 1
1 427  0.328554 0.238667 0.223601 0.209178 1
1 428  0.327138 0.240183 0.22291 0.209769 1
1 429  0.325897 0.241422 0.222283 0.210398 1
1 430  0.325135 0.24223 0.221662 0.210973 1
1 431  0.325089 0.242507 0.220991 0.211413 1
1 432  0.325901 0.242217 0.220224 0.211658 1
1 433  0.327595 0.241396 0.219331 0.211677 1
1 434  0.330082 0.240139 0.218309 0.21147 1
1 435  0.333162 0.238591 0.217177 0.21107 1
1 436  0.336557 0.236926 0.215983 0.210534 1
1 437  0.339938 0.235328 0.214793 0.209941 1
1 438  0.342968 0.233963 0.213689 0.20938 1
1 439  0.34534 0.232969 0.212758 0.208934 1
1 440  0.346813 0.232431 0.21208 0.208676 1
1 441  0.347237 0.232382 0.211723 0.208658 1
1 442  0.346573 0.232795 0.211731 0.208902 1
1 443  0.344887 0.233594 0.212121 0.209398 1
1 444  0.342349 0.234662 0.212882 0.210108 1
1 445  0.3392 0.235859 0.213972 0.210969 1
1 446  0.335732 0.23704 0.215328 0.2119 1
1 447  0.332246 0.238072 0.216868 0.212815 1
1 448  0.329021 0.238846 0.218505 0.213628 1
1 449  0.326287 0.23929 0.220152 0.21427 1
1 450  0.3242 0.239375 0.221736 0.21469 1
1 451  0.32283 0.239108 0.223197 0.214865 1
1 452  0.322164 0.238535 0.224501 0.214799 1
1 453  0.322116 0.237723 0.225637 0.214524 1
1 454  0.322542 0.236753 0.226614 0.214091 1
1 455  0.323268 0.235706 0.227459 0.213566 1
1 456  0.324114 0.234653 0.228212 0.213021 1
1 457  0.324917 0.233646 0.228912 0.212524 1
1 458  0.325554 0.232715 0.229597 0.212133 1
1 459  0.32595 0.231868 0.230293 0.211889 1
1 460  0.326083 0.231096 0.231009 0.211812 1
1 461  0.325979 0.230379 0.231738 0.211903 1
1 462  0.325703 0.229694 0.232455 0.212148 1
1 463  0.325337 0.229027 0.233121 0.212515 1
1 464  0.324964 0.228378 0.233688 0.21297 1
1 465  0.32465 0.227765 0.234108 0.213477 1
1 466  0.324433 0.227229 0.234335 0.214004 1
1 467  0.324309 0.226823 0.234337 0.214531 1
1 468  0.324237 0.226615 0.234097 0.21505 1
1 469  0.324146 0.226673 0.233617 0.215564 1
1 470  0.323943 0.227053 0.232918 0.216086 1
1 471  0.323534 0.227795 0.232036 0.216635 1
1 472  0.322841 0.228908 0.231021 0.217229 1
1 473  0.321821 0.230369 0.229928 0.217882 1
1 474  0.320475 0.232116 0.228811 0.218598 1
1 475  0.318859 0.234059 0.227717 0.219364 1
1 476  0.31708 0.236081 0.226682 0.220157 1
1 477  0.315288 0.23805 0.225724 0.220937 1
1 478  0.313662 0.239834 0.224849 0.221655 1
1 479  0.312388 0.241312 0.224043 0.222257 1
1 480  0.311637 0.242391 0.223282 0.222689 1
1 481  0.311544 0.243011 0.222538 0.222907 1
1 482  0.312188 0.243155 0.221778 0.22288 1
1 483  0.31358 0.242847 0.220977 0.222596 1
1 484  0.315661 0.242155 0.22012 0.222065 1
1 485  0.318302 0.241176 0.219205 0.221317 1
1 486  0.321319 0.240033 0.218247 0.220401 1
1 487  0.32449 0.238852 0.217276 0.219382 1
1 488  0.327579 0.23776 0.216332 0.218329 1
1 489  0.330361 0.236859 0.215467 0.217313 1
1 490  0.332645 0.236228 0.214731 0.216397 1
1 491  0.334291 0.235906 0.214172 0.215631 1
1 492  0.335228 0.235897 0.213828 0.215047 1
1 493  0.335454 0.236164 0.213724 0.214657 1
1 494  0.335036 0.236644 0.213867 0.214453 1
1 495  0.334099 0.237247 0.214245 0.214409 1
1 496  0.332809 0.237875 0.214831 0.214486 1
1 497  0.33135 0.238427 0.215585 0.214638 1
1 498  0.329908 0.238817 0.216458 0.214817 1
1 499  0.328645 0.238978 0.217396 0.214981 1
1 500  0.327685 0.238868 0.218349 0.215098 1
1 501  0.327099 0.23848 0.219274 0.215147 1
1 502  0.326904 0.237834 0.220138 0.215124 1
1 503  0.327063 0.236977 0.220924 0.215036 1
1 504  0.327493 0.235977 0.221625 0.214905 1
1 505  0.328075 0.234917 0.22225 0.214759 1
1 506  0.328674 0.233881 0.222817 0.214629 1
1 507  0.329155 0.232949 0.22335 0.214545 1
1 508  0.329397 0.232192 0.223876 0.214534 1
1 509  0.329309 0.231659 0.224419 0.214612 1
1 510  0.328839 0.231379 0.224996 0.214785 1
1 511  0.327977 0.231357 0.225617 0.215049 1
1 512  0.326755 0.231576 0.226279 0.21539 1
1 513  0.325245 0.231997 0.226971 0.215786 1
1 514  0.323547 0.23257 0.227671 0.216211 1
1 515  0.32178 0.233233 0.228349 0.216639 1
1 516  0.320067 0.233918 0.228972 0.217042 1
1 517  0.318529 0.234562 0.229507 0.217402 1
1 518  0.317268 0.235109 0.22992 0.217703 1
1 519  0.316362 0.235513 0.230185 0.21794 1
1 520  0.315861 0.235742 0.230283 0.218113 1
1 521  0.315784 0.235781 0.230204 0.21823 1
1 522  0.31612 0.23563 0.229947 0.218303 1
1 523  0.316831 0.235305 0.229518 0.218346 1
1 524  0.317859 0.234831 0.228935 0.218375 1
1 525  0.319132 0.234247 0.228217 0.218404 1
1 526  0.320572 0.233594 0.227391 0.218444 1
1 527  0.322099 0.232916 0.226483 0.218502 1
1 528  0.323642 0.232255 0.22552 0.218582 1
1 529  0.325138 0.231649 0.224529 0.218683 1
1 530  0.326538 0.231127 0.223533 0.218802 1
1 531  0.32781 0.230708 0.222551 0.218931 1
1 532  0.328932 0.230403 0.2216 0.219065 1
1 533  0.329898 0.230213 0.220695 0.219195 1
1 534  0.330708 0.230129 0.219847 0.219316 1
1 535  0.33137 0.230142 0.219065 0.219423 1
1 536  0.33189 0.230235 0.218361 0.219514 1
1 537  0.332273 0.230395 0.217741 0.219591 1
1 538  0.332518 0.230612 0.217216 0.219654 1
1 539  0.332615 0.230881 0.216795 0.219709 1
1 540  0.332545 0.231203 0.21649 0.219762 1
1 541  0.332283 0.231586 0.21631 0.219821 1
1 542  0.331799 0.232044 0.216266 0.219891 1
1 543  0.331064 0.232589 0.216367 0.21998 1
1 544  0.330052 0.233236 0.216619 0.220093 1
1 545  0.328753 0.23399 0.217024 0.220233 1
1 546  0.327169 0.234851 0.21758 0.2204 1
1 547  0.325327 0.235802 0.21828 0.220591 1
1 548  0.323277 0.236815 0.219109 0.220799 1
1 549  0.321091 0.237846 0.220047 0.221016 1
1 550  0.318864 0.238838 0.221069 0.221229 1
1 551  0.316705 0.239728 0.222144 0.221422 1
1 552  0.31473 0.24045 0.223239 0.221581 1
1 553  0.31305 0.240942 0.224319 0.221689 1
1 554  0.311762 0.241154 0.225351 0.221733 1
1 555  0.310937 0.241055 0.226305 0.221703 1
1 556  0.310611 0.240637 0.227158 0.221593 1
1 557  0.310784 0.239918 0.227895 0.221403 1
1 558  0.311411 0.238943 0.228508 0.221139 1
1 559  0.312414 0.237777 0.228998 0.220811 1
1 560  0.313682 0.236506 0.229377 0.220435 1
1 561  0.31509 0.23522 0.229661 0.220029 1
1 562  0.316508 0.23401 0.22987 0.219612 1
1 563  0.317819 0.232953 0.230027 0.219201 1
1 564  0.318935 0.232105 0.230152 0.218808 1
1 565  0.319803 0.231494 0.230262 0.218441 1
1 566  0.32042 0.231117 0.230365 0.218097 1
1 567  0.320827 0.230939 0.230464 0.217771 1
1 568  0.321107 0.230896 0.230549 0.217448 1
1 569  0.321376 0.230905 0.230608 0.217111 1
1 570  0.321762 0.230877 0.230621 0.21674 1
1 571  0.322391 0.230724 0.230566 0.216319 1
1 572  0.323365 0.230375 0.230424 0.215836 1
1 573  0.324743 0.229786 0.230182 0.215289 1
1 574  0.326532 0.228949 0.229833 0.214687 1
1 575  0.328675 0.227893 0.229384 0.214049 1
1 576  0.331055 0.226686 0.228852 0.213406 1
1 577  0.333503 0.225427 0.228268 0.212801 1
1 578  0.335815 0.224237 0.22767 0.212279 1
1 579  0.337771 0.223241 0.227101 0.211887 1
1 580  0.339164 0.222562 0.226606 0.211668 1
1 581  0.339823 0.222296 0.226226 0.211655 1
1 582  0.339634 0.222507 0.225991 0.211869 1
1 583  0.338559 0.223214 0.225918 0.212309 1
1 584  0.33664 0.22439 0.226009 0.212961 1
1 585  0.334004 0.225961 0.226246 0.213789 1
1 586  0.330843 0.227817 0.226598 0.214743 1
1 587  0.327402 0.229818 0.227019 0.215762 1
1 588  0.323949 0.231816 0.227455 0.21678 1
1 589  0.320748 0.233667 0.227851 0.217734 1
1 590  0.31803 0.235251 0.228155 0.218565 1
1 591  0.315964 0.236481 0.228326 0.219229 1
1 592  0.314647 0.237313 0.228339 0.219701 1
1 593  0.31409 0.237753 0.228185 0.219972 1
1 594  0.31422 0.23785 0.227877 0.220053 1
1 595  0.314894 0.237692 0.227445 0.219969 1
1 596  0.31592 0.23739 0.226933 0.219758 1
1 597  0.317081 0.237062 0.226393 0.219463 1
1 598  0.31817 0.236821 0.225881 0.219128 1
1 599  0.319009 0.236754 0.225447 0.218789 1
1 600  0.319481 0.236914 0.225133 0.218473 1
1 601  0.319538 0.237308 0.224963 0.21819 1
1 602  0.319214 0.237902 0.224944 0.217939 1
1 603  0.318611 0.238619 0.225065 0.217706 1
1 604  0.317889 0.239351 0.225297 0.217464 1
1 605  0.317243 0.239975 0.225598 0.217184 1
1 606  0.316872 0.240366 0.225922 0.216839 1
1 607  0.316954 0.240418 0.22622 0.216407 1
1 608  0.317616 0.240055 0.226449 0.21588 1
1 609  0.318916 0.239244 0.226577 0.215263 1
1 610  0.320831 0.238 0.226589 0.21458 1
1 611  0.323259 0.236386 0.226485 0.21387 1
1 612  0.326025 0.234509 0.226284 0.213182 1
1 613  0.328905 0.232505 0.226016 0.212574 1
1 614  0.331649 0.230526 0.225721 0.212104 1
1 615  0.33401 0.228723 0.225445 0.211822 1
1 616  0.335777 0.22723 0.225227 0.211766 1
1 617  0.336798 0.226148 0.225101 0.211954 1
1 618  0.336997 0.225533 0.225087 0.212383 1
1 619  0.336386 0.225397 0.225189 0.213027 1
1 620  0.335058 0.225703 0.225398 0.213841 1
1 621  0.333178 0.226372 0.225689 0.214761 1
1 622  0.330959 0.227296 0.226028 0.215717 1
1 623  0.328641 0.228352 0.226376 0.216632 1
1 624  0.326454 0.229414 0.226695 0.217436 1
1 625  0.3246 0.230373 0.226953 0.218073 1
1 626  0.323224 0.231144 0.227131 0.218502 1
1 627  0.322402 0.231676 0.227219 0.218702 1
1 628  0.322136 0.23196 0.227226 0.218677 1
1 629  0.322357 0.232021 0.227172 0.21845 1
1 630  0.322941 0.231912 0.227088 0.21806 1
1 631  0.323726 0.23171 0.227007 0.217556 1
1 632  0.32454 0.231497 0.226966 0.216996 1
1 633  0.325222 0.231353 0.226993 0.216432 1
1 634  0.325645 0.231339 0.227106 0.21591 1
1 635  0.325734 0.231492 0.22731 0.215464 1
1 636  0.325472 0.231819 0.227595 0.215114 1
1 637  0.324899 0.232297 0.227937 0.214866 1
1 638  0.324109 0.232877 0.228302 0.214712 1
1 639  0.323227 0.233489 0.228649 0.214635 1
1 640  0.322395 0.234054 0.22894 0.21461 1
1 641  0.321744 0.234499 0.22914 0.214617 1
1 642  0.32138 0.234759 0.229228 0.214634 1
1 643  0.321361 0.234796 0.229194 0.214649 1
1 644  0.321694 0.234598 0.229049 0.214659 1
1 645  0.322326 0.234183 0.228819 0.214671 1
1 646  0.323158 0.2336 0.228543 0.214699 1
1 647  0.32405 0.23292 0.228268 0.214761 1
1 648  0.324849 0.232229 0.228045 0.214878 1
1 649  0.325401 0.231617 0.227919 0.215064 1
1 650  0.32558 0.231165 0.227926 0.215328 1
1 651  0.325305 0.230941 0.228085 0.215669 1
1 652  0.32455 0.230984 0.228397 0.216069 1
1 653  0.323351 0.231306 0.228841 0.216501 1
1 654  0.321807 0.231885 0.229381 0.216927 1
1 655  0.320063 0.232673 0.229963 0.217301 1
1 656  0.318303 0.233595 0.230528 0.217574 1
1 657  0.31672 0.234565 0.231014 0.217701 1
1 658  0.315497 0.235489 0.231367 0.217647 1
1 659  0.314788 0.23628 0.231544 0.217388 1
1 660  0.314696 0.236864 0.231523 0.216917 1
1 661  0.315261 0.237189 0.231301 0.216248 1
1 662  0.31646 0.237232 0.230897 0.215411 1
1 663  0.318202 0.236996 0.23035 0.214453 1
1 664  0.320344 0.236511 0.229715 0.21343 1
1 665  0.322707 0.235832 0.229053 0.212408 1
1 666  0.32509 0.23503 0.228428 0.211451 1
1 667  0.327298 0.234185 0.227898 0.21062 1
1 668  0.329155 0.233377 0.227507 0.209961 1
1 669  0.330528 0.232681 0.227282 0.20951 1
1 670  0.331334 0.232157 0.227228 0.209281 1
1 671  0.331549 0.231848 0.22733 0.209274 1
1 672  0.331202 0.231775 0.227553 0.20947 1
1 673  0.330375 0.231938 0.227849 0.209837 1
1 674  0.329186 0.232317 0.228162 0.210335 1
1 675  0.327777 0.232874 0.228432 0.210917 1
1 676  0.326296 0.233557 0.228609 0.211538 1
1 677  0.324883 0.234309 0.228652 0.212156 1
1 678  0.323653 0.235068 0.228539 0.21274 1
1 679  0.322691 0.235774 0.228267 0.213268 1
1 680  0.322043 0.236374 0.227853 0.21373 1
1 681  0.321716 0.236823 0.227333 0.214128 1
1 682  0.32168 0.23709 0.226758 0.214472 1
1 683  0.321879 0.237155 0.226185 0.214781 1
1 684  0.322236 0.237014 0.225674 0.215075 1
1 685  0.322666 0.236676 0.225283 0.215376 1
1 686  0.323085 0.236161 0.225054 0.2157 1
1 687  0.323421 0.235499 0.225019 0.216061 1
1 688  0.32362 0.234732 0.225187 0.216461 1
1 689  0.323647 0.233904 0.22555 0.216899 1
1 690  0.323494 0.233064 0.226082 0.21736 1
1 691  0.323171 0.232261 0.226739 0.217829 1
1 692  0.32271 0.23154 0.227469 0.218281 1
1 693  0.322153 0.23094 0.228214 0.218692 1
1 694  0.321552 0.230492 0.228916 0.21904 1
1 695  0.320957 0.230214 0.229524 0.219305 1
1 696  0.320417 0.230113 0.229998 0.219472 1
1 697  0.319972 0.230183 0.230311 0.219534 1
1 698  0.31965 0.230402 0.230454 0.219495 1
1 699  0.319467 0.230739 0.230433 0.219361 1
1 700  0.319427 0.231153 0.230269 0.219151 1
1 701  0.319523 0.231599 0.229993 0.218886 1
1 702  0.319739 0.232027 0.229644 0.218589 1
1 703  0.320055 0.232393 0.229265 0.218288 1
1 704  0.320445 0.232657 0.228895 0.218003 1
1 705  0.320887 0.232792 0.228567 0.217753 1
1 706  0.321359 0.232783 0.228307 0.21755 1
1 707  0.321844 0.232632 0.228127 0.217397 1
1 708  0.322329 0.232353 0.22803 0.217288 1
1 709  0.322807 0.231976 0.228006 0.21721 1
1 710  0.323274 0.231544 0.22804 0.217142 1
1 711  0.323729 0.231104 0.228107 0.21706 1
1 712  0.32417 0.230708 0.228185 0.216937 1
1 713  0.324593 0.230408 0.228251 0.216748 1
1 714  0.324992 0.230247 0.22829 0.216471 1
1 715  0.325352 0.23026 0.228294 0.216093 1
1 716  0.325653 0.230468 0.228267 0.215612 1
1 717  0.325868 0.230876 0.22822 0.215036 1
1 718  0.325963 0.231474 0.228178 0.214385 1
1 719  0.325902 0.232239 0.228168 0.213691 1
1 720  0.325649 0.233132 0.228224 0.212994 1
1 721  0.325174 0.234107 0.228378 0.21234 1
1 722  0.324455 0.235112 0.228656 0.211777 1
1 723  0.323484 0.236093 0.229075 0.211349 1
1 724  0.32227 0.236997 0.22964 0.211093 1
1 725  0.320844 0.237777 0.230342 0.211038 1
1 726  0.319255 0.238395 0.231156 0.211193 1
1 727  0.317576 0.238824 0.232043 0.211557 1
1 728  0.31589 0.239046 0.232953 0.21211 1
1 729  0.314293 0.239059 0.23383 0.212818 1
1 730  0.312882 0.23887 0.234614 0.213635 1
1 731  0.311747 0.238494 0.23525 0.214509 1
1 732  0.310962 0.237959 0.235692 0.215387 1
1 733  0.310577 0.237297 0.235908 0.216218 1
1 734  0.310616 0.236545 0.235882 0.216958 1
1 735  0.311064 0.23574 0.235618 0.217578 1
1 736  0.311878 0.23492 0.235139 0.218063 1
1 737  0.312983 0.234121 0.234483 0.218413 1
1 738  0.314281 0.233372 0.233702 0.218645 1
1 739  0.31566 0.232699 0.232855 0.218786 1
1 740  0.317006 0.232119 0.232003 0.218872 1
1 741  0.318215 0.231639 0.231201 0.218945 1
1 742  0.3192 0.231262 0.230496 0.219042 1
1 743  0.319906 0.23098 0.229918 0.219195 1
1 744  0.320311 0.23078 0.229484 0.219425 1
1 745  0.320428 0.230646 0.229189 0.219737 1
1 746  0.320303 0.230557 0.229015 0.220125 1
1 747  0.320007 0.230494 0.228931 0.220568 1
1 748  0.319628 0.230439 0.228899 0.221034 1
1 749  0.319258 0.23038 0.228877 0.221485 1
1 750  0.318978 0.230313 0.228828 0.221881 1
1 751  0.31885 0.23024 0.228723 0.222187 1
1 752  0.318906 0.230172 0.228549 0.222374 1
1 753  0.319141 0.230129 0.228304 0.222426 1
1 754  0.319519 0.230136 0.228004 0.222341 1
1 755  0.31997 0.230219 0.227678 0.222133 1
1 756  0.3204 0.230408 0.227365 0.221828 1
1 757  0.320707 0.230724 0.227109 0.22146 1
1 758  0.320792 0.231184 0.226952 0.221072 1
1 759  0.320571 0.231794 0.22693 0.220705 1
1 760  0.319989 0.232547 0.227067 0.220397 1
1 761  0.319032 0.233422 0.227372 0.220174 1
1 762  0.317724 0.234387 0.227835 0.220053 1
1 763  0.316135 0.2354 0.228429 0.220035 1
1 764  0.314367 0.236412 0.229114 0.220108 1
1 765  0.312549 0.23737 0.229835 0.220246 1
1 766  0.310821 0.238227 0.230535 0.220416 1
1 767  0.309321 0.23894 0.231158 0.220581 1
1 768  0.308164 0.239481 0.231652 0.220703 1
1 769  0.307438 0.239833 0.231978 0.22075 1
1 770  0.307188 0.239997 0.232115 0.220699 1
1 771  0.307414 0.239988 0.232058 0.220539 1
1 772  0.308075 0.239834 0.23182 0.220271 1
1 773  0.309089 0.239573 0.231428 0.21991 1
1 774  0.310353 0.239244 0.230925 0.219477 1
1 775  0.311749 0.23889 0.230357 0.219004 1
1 776  0.313161 0.238542 0.229773 0.218524 1
1 777  0.31449 0.238226 0.229218 0.218066 1
1 778  0.315665 0.237952 0.228727 0.217655 1
1 779  0.316649 0.237716 0.228326 0.217309 1
1 780  0.317442 0.237502 0.228023 0.217033 1
1 781  0.318076 0.237284 0.227818 0.216823 1
1 782  0.318609 0.23703 0.227695 0.216666 1
1 783  0.319115 0.236708 0.227634 0.216544 1
1 784  0.319665 0.236292 0.22761 0.216433 1
1 785  0.32032 0.235768 0.227597 0.216314 1
1 786  0.321116 0.235136 0.227577 0.21617 1
1 787  0.322058 0.234412 0.227538 0.215992 1
1 788  0.323112 0.233629 0.227478 0.215781 1
1 789  0.324213 0.232837 0.227405 0.215546 1
1 790  0.325268 0.232092 0.227335 0.215305 1
1 791  0.326168 0.231457 0.227291 0.215083 1
1 792  0.326805 0.230991 0.227298 0.214906 1
1 793  0.32708 0.230741 0.227377 0.214802 1
1 794  0.326925 0.230739 0.227546 0.214789 1
1 795  0.326308 0.230998 0.227812 0.214883 1
1 796  0.325242 0.231503 0.22817 0.215084 1
1 797  0.323788 0.23222 0.228606 0.215386 1
1 798  0.322048 0.233093 0.229092 0.215767 1
1 799  0.320157 0.23405 0.229593 0.216201 1
1 800  0.318266 0.235013 0.230069 0.216653 1
1 801  0.31653 0.235901 0.230478 0.21709 1
1 802  0.315092 0.236643 0.230785 0.21748 1
1 803  0.314061 0.237183 0.23096 0.217796 1
1 804  0.313506 0.237485 0.230985 0.218024 1
1 805  0.31345 0.237535 0.230855 0.21816 1
1 806  0.313861 0.237346 0.23058 0.218213 1
1 807  0.314664 0.236953 0.23018 0.218204 1
1 808  0.315747 0.236406 0.229685 0.218161 1
1 809  0.316977 0.23577 0.229133 0.21812 1
1 810  0.318211 0.235111 0.228562 0.218116 1
1 811  0.319317 0.234493 0.228008 0.218181 1
1 812  0.320188 0.233969 0.227502 0.218341 1
1 813  0.32075 0.233577 0.227063 0.21861 1
1 814  0.320976 0.233333 0.226703 0.218988 1
1 815  0.320879 0.233237 0.22642 0.219464 1
1 816  0.320515 0.233268 0.226204 0.220013 1
1 817  0.319971 0.233393 0.226038 0.220599 1
1 818  0.319354 0.233565 0.225899 0.221181 1
1 819  0.318777 0.23374 0.225767 0.221716 1
1 820  0.318342 0.233872 0.225623 0.222163 1
1 821  0.318132 0.233928 0.225455 0.222486 1
1 822  0.318196 0.233884 0.22526 0.22266 1
1 823  0.318545 0.233736 0.225045 0.222674 1
1 824  0.319152 0.233492 0.224826 0.222529 1
1 825  0.319956 0.233178 0.224627 0.222239 1
1 826  0.320868 0.232827 0.224477 0.221829 1
1 827  0.321783 0.232481 0.224404 0.221332 1
1 828  0.322596 0.232182 0.224436 0.220787 1
1 829  0.323209 0.231967 0.224593 0.220232 1
1 830  0.323549 0.231864 0.224885 0.219702 1
1 831  0.323575 0.231887 0.225313 0.219224 1
1 832  0.32328 0.232038 0.225863 0.218818 1
1 833  0.322698 0.232302 0.226509 0.218491 1
1 834  0.321893 0.232651 0.227215 0.218241 1
1 835  0.320961 0.233046 0.227937 0.218056 1
1 836  0.320011 0.233443 0.228629 0.217916 1
1 837  0.319158 0.233797 0.229244 0.217801 1
1 838  0.318509 0.234065 0.229739 0.217686 1
1 839  0.318154 0.234212 0.230081 0.217553 1
1 840  0.318154 0.234212 0.230246 0.217388 1
1 841  0.318534 0.234056 0.230223 0.217187 1
1 842  0.319284 0.233746 0.230017 0.216953 1
1 843  0.320359 0.233296 0.229644 0.216701 1
1 844  0.321683 0.232736 0.229129 0.216452 1
1 845  0.323156 0.2321 0.228509 0.216235 1
1 846  0.324668 0.23143 0.227823 0.216079 1
1 847  0.326103 0.23077 0.227113 0.216014 1
1 848  0.327355 0.230163 0.226418 0.216065 1
1 849  0.328334 0.229646 0.225773 0.216248 1
1 850  0.328976 0.22925 0.225204 0.21657 1
1 851  0.329245 0.228997 0.224731 0.217027 1
1 852  0.329137 0.228898 0.224364 0.217601 1
1 853  0.328676 0.228956 0.224104 0.218264 1
1 854  0.327914 0.229162 0.223947 0.218978 1
1 855  0.326921 0.229499 0.223881 0.219699 1
1 856  0.325783 0.229943 0.223893 0.220381 1
1 857  0.324587 0.230464 0.223969 0.22098 1
1 858  0.323421 0.231028 0.224094 0.221457 1
1 859  0.322359 0.231603 0.224257 0.221781 1
1 860  0.321463 0.232156 0.224449 0.221932 1
1 861  0.320772 0.232657 0.224665 0.221905 1
1 862  0.320307 0.233083 0.224903 0.221707 1
1 863  0.320065 0.233417 0.225162 0.221356 1
1 864  0.320025 0.23365 0.225444 0.220882 1
1 865  0.32015 0.233781 0.225748 0.220322 1
1 866  0.32039 0.233819 0.226074 0.219717 1
1 867  0.320694 0.233778 0.226418 0.21911 1
1 868  0.321007 0.233679 0.226774 0.21854 1
1 869  0.321281 0.233547 0.227132 0.21804 1
1 870  0.321478 0.233408 0.227479 0.217635 1
1 871  0.321573 0.233286 0.2278 0.217341 1
1 872  0.321558 0.233201 0.228077 0.217164 1
1 873  0.321438 0.233168 0.228295 0.217098 1
1 874  0.321237 0.233194 0.228437 0.217132 1
1 875  0.320989 0.233274 0.228492 0.217245 1
1 876  0.320737 0.2334 0.228449 0.217414 1
1 877  0.320531 0.233553 0.228303 0.217612 1
1 878  0.320418 0.23371 0.228055 0.217816 1
1 879  0.320443 0.233845 0.227709 0.218003 1
1 880  0.320638 0.233933 0.227274 0.218155 1
1 881  0.321025 0.233953 0.226762 0.21826 1
1 882  0.321607 0.233891 0.22619 0.218312 1
1 883  0.322372 0.23374 0.225577 0.218311 1
1 884  0.32329 0.233504 0.224944 0.218262 1
1 885  0.324317 0.233196 0.224311 0.218176 1
1 886  0.325395 0.232838 0.223702 0.218066 1
1 887  0.32646 0.232456 0.223136 0.217947 1
1 888  0.327445 0.232081 0.222636 0.217837 1
1 889  0.328285 0.231743 0.222222 0.217751 1
1 890  0.328921 0.231466 0.221911 0.217702 1
1 891  0.329309 0.23127 0.221719 0.217702 1
1 892  0.329417 0.231163 0.22166 0.21776 1
1 893  0.329233 0.231145 0.221743 0.21788 1
1 894  0.328761 0.231204 0.221973 0.218062 1
1 895  0.328022 0.23132 0.222352 0.218306 1
1 896  0.327054 0.231469 0.222874 0.218603 1
1 897  0.325902 0.231623 0.22353 0.218945 1
