Step Time(ns) rpsystem.singlet rpsystem.t0 rpsystem.tp rpsystem.tm rpsystem.identity 
1 0 1 0 0 0 1 
1 1 0.997098 0.00096755 0.000967184 0.000967205 1 
1 2 0.98845 0.00385371 0.0038479 0.00384824 1 
1 3 0.974228 0.00860938 0.00858027 0.008582 1 
1 4 0.954714 0.0151538 0.0150632 0.0150687 1 
1 5 0.930291 0.0233762 0.0231596 0.023173 1 
1 6 0.901434 0.0331383 0.0327 0.0327279 1 
1 7 0.868695 0.0442766 0.0434883 0.04354 1 
1 8 0.832692 0.0566063 0.0553067 0.0553952 1 
1 9 0.794087 0.069925 0.0679229 0.0680649 1 
1 10 0.753575 0.0840164 0.0810958 0.0813125 1 
1 11 0.711861 0.0986554 0.0945831 0.0949004 1 
1 12 0.669643 0.113612 0.108148 0.108596 1 
1 13 0.627599 0.128658 0.121564 0.12218 1 
1 14 0.586363 0.143568 0.134622 0.135447 1 
1 15 0.546519 0.158127 0.147137 0.148217 1 
1 16 0.508582 0.172135 0.158948 0.160334 1 
1 17 0.472994 0.185409 0.169926 0.171671 1 
1 18 0.44011 0.197788 0.17997 0.182132 1 
1 19 0.410197 0.209135 0.189015 0.191653 1 
1 20 0.383434 0.219342 0.197025 0.200199 1 
1 21 0.359908 0.228327 0.203999 0.207766 1 
1 22 0.339623 0.23604 0.20996 0.214377 1 
1 23 0.322504 0.242461 0.214958 0.220078 1 
1 24 0.308405 0.247599 0.219064 0.224932 1 
1 25 0.297121 0.251493 0.222365 0.22902 1 
1 26 0.288402 0.254206 0.22496 0.232432 1 
1 27 0.281962 0.255827 0.226951 0.235261 1 
1 28 0.277494 0.256463 0.228442 0.237601 1 
1 29 0.274688 0.256238 0.229534 0.23954 1 
1 30 0.273238 0.255289 0.230317 0.241157 1 
1 31 0.27286 0.253757 0.230865 0.242518 1 
1 32 0.273301 0.251787 0.231239 0.243673 1 
1 33 0.274348 0.249522 0.231478 0.244653 1 
1 34 0.275835 0.247094 0.231601 0.24547 1 
1 35 0.277654 0.244625 0.231604 0.246117 1 
1 36 0.27975 0.242219 0.231463 0.246567 1 
1 37 0.282129 0.23996 0.231134 0.246778 1 
1 38 0.284849 0.237908 0.230554 0.246689 1 
1 39 0.288023 0.236099 0.229646 0.246232 1 
1 40 0.291809 0.234539 0.228325 0.245327 1 
1 41 0.296402 0.23321 0.226496 0.243892 1 
1 42 0.302026 0.232066 0.224064 0.241845 1 
1 43 0.30892 0.231035 0.220939 0.239106 1 
1 44 0.31733 0.230025 0.217038 0.235607 1 
1 45 0.327497 0.228922 0.212292 0.231289 1 
1 46 0.339639 0.227601 0.206647 0.226113 1 
1 47 0.353947 0.225924 0.200073 0.220056 1 
1 48 0.37057 0.22375 0.192564 0.213116 1 
1 49 0.389608 0.22094 0.184138 0.205314 1 
1 50 0.4111 0.217361 0.174843 0.196696 1 
1 51 0.435021 0.212896 0.164754 0.187329 1 
1 52 0.461281 0.207444 0.153974 0.177301 1 
1 53 0.489714 0.200932 0.14263 0.166724 1 
1 54 0.520089 0.193315 0.130873 0.155724 1 
1 55 0.552103 0.184579 0.118873 0.144445 1 
1 56 0.585393 0.174749 0.106817 0.13304 1 
1 57 0.61954 0.163887 0.0949008 0.121673 1 
1 58 0.654074 0.152092 0.0833257 0.110509 1 
1 59 0.688491 0.139502 0.0722939 0.0997125 1 
1 60 0.722259 0.126292 0.0620017 0.0894467 1 
1 61 0.754832 0.112669 0.052635 0.0798648 1 
1 62 0.785661 0.098866 0.0443639 0.0711095 1 
1 63 0.81421 0.085143 0.0373383 0.0633092 1 
1 64 0.839966 0.0717744 0.0316839 0.0565758 1 
1 65 0.862453 0.0590449 0.0274991 0.0510031 1 
1 66 0.881242 0.047241 0.0248527 0.0466647 1 
1 67 0.89596 0.036643 0.0237824 0.0436144 1 
1 68 0.906303 0.0275175 0.0242942 0.0418853 1 
1 69 0.912038 0.0201088 0.0263629 0.0414905 1 
1 70 0.91301 0.0146319 0.0299336 0.0424243 1 
1 71 0.909148 0.0112653 0.0349235 0.0446629 1 
1 72 0.900462 0.0101458 0.0412252 0.0481668 1 
1 73 0.887045 0.0113628 0.0487098 0.052882 1 
1 74 0.869071 0.0149552 0.0572314 0.0587422 1 
1 75 0.846788 0.0209095 0.066631 0.065671 1 
1 76 0.820516 0.0291588 0.0767413 0.0735838 1 
1 77 0.790636 0.0395835 0.0873912 0.0823894 1 
1 78 0.757583 0.0520142 0.0984105 0.0919921 1 
1 79 0.721838 0.0662354 0.109634 0.102293 1 
1 80 0.683915 0.0819903 0.120904 0.11319 1 
1 81 0.644353 0.0989881 0.132076 0.124583 1 
1 82 0.603703 0.116911 0.14302 0.136367 1 
1 83 0.562517 0.135421 0.153622 0.14844 1 
1 84 0.52134 0.154173 0.163786 0.1607 1 
1 85 0.4807 0.17282 0.173435 0.173046 1 
1 86 0.441096 0.191021 0.182508 0.185375 1 
1 87 0.402991 0.208457 0.190965 0.197587 1 
1 88 0.366808 0.224832 0.198779 0.209582 1 
1 89 0.33292 0.239882 0.205939 0.22126 1 
1 90 0.301647 0.253385 0.212445 0.232523 1 
1 91 0.273254 0.265163 0.218308 0.243275 1 
1 92 0.247947 0.275087 0.223544 0.253421 1 
1 93 0.225876 0.28308 0.228174 0.26287 1 
1 94 0.207131 0.289114 0.23222 0.271535 1 
1 95 0.191747 0.293214 0.235703 0.279335 1 
1 96 0.179708 0.295454 0.238642 0.286196 1 
1 97 0.170946 0.295952 0.241049 0.292052 1 
1 98 0.165354 0.294866 0.242932 0.296848 1 
1 99 0.162783 0.292385 0.244291 0.300541 1 
1 100 0.163055 0.288727 0.245119 0.303099 1 
1 101 0.165964 0.284126 0.245403 0.304507 1 
1 102 0.171289 0.278826 0.245122 0.304764 1 
1 103 0.178794 0.273071 0.244252 0.303884 1 
1 104 0.188239 0.267098 0.242765 0.301898 1 
1 105 0.199385 0.26113 0.240632 0.298854 1 
1 106 0.212 0.255364 0.237824 0.294811 1 
1 107 0.225864 0.249972 0.234317 0.289846 1 
1 108 0.240776 0.245087 0.230091 0.284046 1 
1 109 0.256552 0.240808 0.225132 0.277509 1 
1 110 0.273035 0.237189 0.219438 0.270338 1 
1 111 0.290092 0.234245 0.213019 0.262645 1 
1 112 0.307618 0.231947 0.205894 0.254541 1 
1 113 0.325535 0.23023 0.198099 0.246136 1 
1 114 0.343789 0.228989 0.189682 0.237539 1 
1 115 0.362354 0.228089 0.180708 0.22885 1 
1 116 0.38122 0.22737 0.171251 0.220159 1 
1 117 0.400401 0.22665 0.161402 0.211547 1 
1 118 0.419919 0.22574 0.15126 0.203081 1 
1 119 0.439808 0.224443 0.140935 0.194814 1 
1 120 0.460105 0.222568 0.130544 0.186783 1 
1 121 0.480844 0.219935 0.120208 0.179014 1 
1 122 0.502051 0.216384 0.11005 0.171516 1 
1 123 0.523739 0.211782 0.100192 0.164287 1 
1 124 0.545904 0.206028 0.0907537 0.157315 1 
1 125 0.568516 0.199057 0.0818476 0.150579 1 
1 126 0.591518 0.190849 0.0735779 0.144055 1 
1 127 0.614822 0.181423 0.0660383 0.137716 1 
1 128 0.638307 0.170847 0.0593099 0.131537 1 
1 129 0.661815 0.159228 0.0534598 0.125497 1 
1 130 0.685154 0.146721 0.0485406 0.119584 1 
1 131 0.708098 0.133516 0.0445889 0.113797 1 
1 132 0.730388 0.119838 0.0416264 0.108147 1 
1 133 0.751738 0.105942 0.0396591 0.102662 1 
1 134 0.771835 0.0921019 0.038679 0.0973838 1 
1 135 0.790353 0.0786088 0.0386646 0.0923736 1 
1 136 0.806952 0.0657586 0.039583 0.0877067 1 
1 137 0.82129 0.0538458 0.0413907 0.0834738 1 
1 138 0.833031 0.0431543 0.0440363 0.0797784 1 
1 139 0.841855 0.0339499 0.0474619 0.0767337 1 
1 140 0.847463 0.0264724 0.0516052 0.0744591 1 
1 141 0.849594 0.0209288 0.0564016 0.0730759 1 
1 142 0.848024 0.0174872 0.0617854 0.0727031 1 
1 143 0.842584 0.0162722 0.0676918 0.073452 1 
1 144 0.83316 0.0173606 0.0740579 0.0754213 1 
1 145 0.819704 0.0207795 0.0808236 0.0786928 1 
1 146 0.802236 0.0265052 0.0879328 0.0833262 1 
1 147 0.780849 0.0344634 0.0953328 0.0893553 1 
1 148 0.755709 0.0445309 0.102975 0.0967846 1 
1 149 0.72706 0.056539 0.110814 0.105587 1 
1 150 0.695212 0.0702772 0.118809 0.115702 1 
1 151 0.660548 0.085499 0.126918 0.127035 1 
1 152 0.62351 0.101928 0.135104 0.139458 1 
1 153 0.584596 0.119264 0.143327 0.152812 1 
1 154 0.544349 0.137194 0.151549 0.166908 1 
1 155 0.503346 0.155392 0.159727 0.181534 1 
1 156 0.462187 0.173538 0.167817 0.196457 1 
1 157 0.421483 0.191316 0.175771 0.21143 1 
1 158 0.381842 0.208426 0.183534 0.226197 1 
1 159 0.343856 0.224591 0.191051 0.240502 1 
1 160 0.308088 0.23956 0.198259 0.254093 1 
1 161 0.275059 0.253118 0.205091 0.266731 1 
1 162 0.24524 0.265086 0.211477 0.278197 1 
1 163 0.219035 0.275324 0.217345 0.288295 1 
1 164 0.196781 0.283739 0.222619 0.296861 1 
1 165 0.178732 0.290278 0.227226 0.303764 1 
1 166 0.165063 0.294933 0.231093 0.308911 1 
1 167 0.155859 0.297735 0.234153 0.312253 1 
1 168 0.151123 0.298758 0.236342 0.313777 1 
1 169 0.150772 0.298109 0.237606 0.313513 1 
1 170 0.154641 0.295926 0.237901 0.311532 1 
1 171 0.162494 0.292374 0.237193 0.307938 1 
1 172 0.174028 0.287639 0.235463 0.30287 1 
1 173 0.188882 0.281921 0.232706 0.296492 1 
1 174 0.206651 0.275426 0.228932 0.28899 1 
1 175 0.226899 0.268366 0.224169 0.280566 1 
1 176 0.249164 0.260946 0.218461 0.271429 1 
1 177 0.272982 0.253361 0.211867 0.26179 1 
1 178 0.29789 0.245792 0.204463 0.251854 1 
1 179 0.323444 0.2384 0.196339 0.241816 1 
1 180 0.349228 0.231322 0.187598 0.231852 1 
1 181 0.374864 0.224668 0.178352 0.222116 1 
1 182 0.400021 0.218517 0.168726 0.212736 1 
1 183 0.424422 0.21292 0.158846 0.203811 1 
1 184 0.447848 0.207897 0.148846 0.195409 1 
1 185 0.47014 0.203436 0.138858 0.187567 1 
1 186 0.491199 0.199497 0.129012 0.180291 1 
1 187 0.510989 0.196015 0.119435 0.173561 1 
1 188 0.529524 0.192902 0.110245 0.167329 1 
1 189 0.546873 0.190049 0.10155 0.161528 1 
1 190 0.563143 0.187336 0.0934471 0.156075 1 
1 191 0.578476 0.18463 0.0860197 0.150874 1 
1 192 0.59304 0.181797 0.079336 0.145827 1 
1 193 0.607012 0.178703 0.0734491 0.140835 1 
1 194 0.620576 0.175221 0.0683956 0.135808 1 
1 195 0.633902 0.171236 0.0641966 0.130665 1 
1 196 0.647147 0.16665 0.0608579 0.125345 1 
1 197 0.660436 0.161387 0.0583707 0.119806 1 
1 198 0.67386 0.155393 0.0567136 0.114033 1 
1 199 0.687464 0.148648 0.0558536 0.108034 1 
1 200 0.701247 0.141157 0.0557488 0.101847 1 
1 201 0.715155 0.132959 0.0563497 0.0955363 1 
1 202 0.72908 0.124127 0.0576023 0.0891907 1 
1 203 0.742863 0.114763 0.0594498 0.0829235 1 
1 204 0.756298 0.105001 0.0618349 0.0768669 1 
1 205 0.76913 0.0949999 0.064702 0.0711685 1 
1 206 0.781069 0.0849462 0.0679991 0.0659856 1 
1 207 0.791797 0.0750441 0.0716791 0.0614798 1 
1 208 0.800975 0.0655131 0.0757014 0.057811 1 
1 209 0.808254 0.0565819 0.0800324 0.0551314 1 
1 210 0.813292 0.0484825 0.0846462 0.0535795 1 
1 211 0.815757 0.0414434 0.0895245 0.0532747 1 
1 212 0.815347 0.035684 0.0946565 0.0543122 1 
1 213 0.811796 0.0314071 0.100038 0.0567592 1 
1 214 0.804886 0.0287936 0.105669 0.0606514 1 
1 215 0.794458 0.0279964 0.111554 0.0659909 1 
1 216 0.780417 0.0291353 0.117702 0.0727451 1 
1 217 0.762741 0.0322924 0.124119 0.0808469 1 
1 218 0.741484 0.0375092 0.130811 0.0901962 1 
1 219 0.716775 0.0447833 0.13778 0.100661 1 
1 220 0.688826 0.0540678 0.145022 0.112084 1 
1 221 0.657922 0.0652704 0.152527 0.124281 1 
1 222 0.624419 0.0782549 0.160274 0.137052 1 
1 223 0.58874 0.0928432 0.168233 0.150184 1 
1 224 0.551365 0.108818 0.176361 0.163455 1 
1 225 0.512819 0.12593 0.184607 0.176644 1 
1 226 0.473666 0.143898 0.192903 0.189533 1 
1 227 0.434492 0.16242 0.201174 0.201914 1 
1 228 0.395892 0.181179 0.209332 0.213597 1 
1 229 0.358463 0.19985 0.217279 0.224408 1 
1 230 0.322783 0.218106 0.224912 0.234199 1 
1 231 0.289403 0.23563 0.23212 0.242848 1 
1 232 0.25883 0.252118 0.23879 0.250261 1 
1 233 0.231525 0.267291 0.24481 0.256374 1 
1 234 0.207881 0.2809 0.250069 0.26115 1 
1 235 0.188227 0.292728 0.254463 0.264582 1 
1 236 0.172812 0.302603 0.257896 0.266689 1 
1 237 0.161805 0.310396 0.260285 0.267515 1 
1 238 0.155294 0.316025 0.261559 0.267122 1 
1 239 0.153281 0.31946 0.261667 0.265591 1 
1 240 0.155689 0.320718 0.260576 0.263017 1 
1 241 0.16236 0.319864 0.258272 0.259503 1 
1 242 0.173067 0.31701 0.254766 0.255157 1 
1 243 0.187513 0.31231 0.250089 0.250088 1 
1 244 0.205348 0.305954 0.244294 0.244404 1 
1 245 0.226171 0.298162 0.237459 0.238208 1 
1 246 0.249547 0.289179 0.229679 0.231594 1 
1 247 0.275014 0.279268 0.221071 0.224647 1 
1 248 0.302095 0.268699 0.211765 0.217441 1 
1 249 0.330311 0.257741 0.201909 0.210039 1 
1 250 0.35919 0.246661 0.191657 0.202492 1 
1 251 0.388279 0.235706 0.181172 0.194842 1 
1 252 0.417153 0.225105 0.170623 0.187119 1 
1 253 0.445423 0.215056 0.160174 0.179347 1 
1 254 0.472744 0.205726 0.149988 0.171543 1 
1 255 0.498819 0.197243 0.140218 0.16372 1 
1 256 0.523405 0.189698 0.131007 0.15589 1 
1 257 0.546316 0.183136 0.122482 0.148065 1 
1 258 0.567422 0.177564 0.114754 0.14026 1 
1 259 0.586646 0.172946 0.107914 0.132494 1 
1 260 0.60397 0.169209 0.102032 0.124789 1 
1 261 0.619419 0.166247 0.0971547 0.117178 1 
1 262 0.633069 0.163925 0.0933078 0.109698 1 
1 263 0.64503 0.162084 0.0904935 0.102393 1 
1 264 0.655443 0.160549 0.0886929 0.0953143 1 
1 265 0.664476 0.159139 0.0878671 0.0885183 1 
1 266 0.672307 0.157668 0.0879591 0.0820659 1 
1 267 0.679125 0.155958 0.0888966 0.0760206 1 
1 268 0.685112 0.153846 0.090595 0.0704469 1 
1 269 0.690445 0.151187 0.0929601 0.0654078 1 
1 270 0.695279 0.147866 0.0958923 0.0609631 1 
1 271 0.699747 0.143796 0.0992894 0.0571676 1 
1 272 0.703952 0.138929 0.103051 0.0540688 1 
1 273 0.70796 0.133256 0.107079 0.0517056 1 
1 274 0.7118 0.126807 0.111286 0.0501068 1 
1 275 0.715462 0.119655 0.115593 0.0492907 1 
1 276 0.718893 0.11191 0.119933 0.0492639 1 
1 277 0.722003 0.103721 0.124254 0.0500221 1 
1 278 0.724663 0.0952694 0.128518 0.0515497 1 
1 279 0.726713 0.0867633 0.132703 0.0538209 1 
1 280 0.727964 0.0784333 0.136802 0.0568011 1 
1 281 0.728204 0.0705245 0.140823 0.0604479 1 
1 282 0.727211 0.0632886 0.144787 0.0647132 1 
1 283 0.724753 0.0569766 0.148726 0.0695445 1 
1 284 0.720603 0.0518302 0.152679 0.0748871 1 
1 285 0.714547 0.0480744 0.156693 0.0806856 1 
1 286 0.706389 0.0459092 0.160816 0.0868857 1 
1 287 0.695965 0.0455037 0.165096 0.0934353 1 
1 288 0.683148 0.0469892 0.169576 0.100286 1 
1 289 0.667858 0.050455 0.174294 0.107393 1 
1 290 0.650064 0.0559441 0.179276 0.114716 1 
1 291 0.629795 0.0634511 0.184534 0.12222 1 
1 292 0.607139 0.0729213 0.190069 0.129871 1 
1 293 0.582248 0.0842508 0.19586 0.137641 1 
1 294 0.555337 0.097289 0.201873 0.145501 1 
1 295 0.526683 0.111841 0.208052 0.153424 1 
1 296 0.49662 0.127674 0.214327 0.161379 1 
1 297 0.465539 0.144519 0.220607 0.169336 1 
1 298 0.433874 0.162083 0.226789 0.177255 1 
1 299 0.4021 0.180051 0.232756 0.185093 1 
1 300 0.370719 0.198099 0.238384 0.192799 1 
1 301 0.340252 0.215897 0.243538 0.200313 1 
1 302 0.311225 0.233121 0.248086 0.207567 1 
1 303 0.28416 0.24946 0.251895 0.214484 1 
1 304 0.259558 0.264624 0.254839 0.220978 1 
1 305 0.23789 0.278349 0.256803 0.226958 1 
1 306 0.219582 0.290405 0.257687 0.232327 1 
1 307 0.205006 0.300603 0.257407 0.236984 1 
1 308 0.194472 0.308794 0.255904 0.240829 1 
1 309 0.188214 0.314877 0.253142 0.243767 1 
1 310 0.186386 0.318796 0.249112 0.245706 1 
1 311 0.189057 0.320543 0.243834 0.246567 1 
1 312 0.196208 0.320156 0.237355 0.24628 1 
1 313 0.207733 0.317719 0.229752 0.244796 1 
1 314 0.223436 0.313353 0.221127 0.242084 1 
1 315 0.24304 0.307218 0.211608 0.238134 1 
1 316 0.26619 0.299501 0.201346 0.232962 1 
1 317 0.292464 0.290418 0.19051 0.226608 1 
1 318 0.32138 0.2802 0.179283 0.219137 1 
1 319 0.352409 0.269091 0.167857 0.210643 1 
1 320 0.384989 0.257339 0.15643 0.201241 1 
1 321 0.418539 0.245191 0.1452 0.19107 1 
1 322 0.45247 0.232885 0.134359 0.180286 1 
1 323 0.486205 0.220644 0.124086 0.169065 1 
1 324 0.519187 0.208674 0.114547 0.157591 1 
1 325 0.550899 0.197156 0.105889 0.146057 1 
1 326 0.58087 0.186242 0.0982334 0.134655 1 
1 327 0.60869 0.176056 0.0916769 0.123577 1 
1 328 0.63402 0.166691 0.0862871 0.113003 1 
1 329 0.656592 0.158205 0.0821024 0.1031 1 
1 330 0.676224 0.150626 0.0791309 0.0940189 1 
1 331 0.692812 0.143952 0.0773518 0.0858845 1 
1 332 0.706335 0.138151 0.0767165 0.0787973 1 
1 333 0.716854 0.133166 0.0771507 0.072829 1 
1 334 0.724501 0.128919 0.0785585 0.0680211 1 
1 335 0.729476 0.125314 0.0808251 0.0643846 1 
1 336 0.732036 0.122241 0.0838219 0.0619002 1 
1 337 0.732485 0.119583 0.087411 0.0605204 1 
1 338 0.73116 0.117219 0.0914497 0.0601713 1 
1 339 0.728419 0.115028 0.095796 0.0607569 1 
1 340 0.724626 0.112898 0.100313 0.0621627 1 
1 341 0.720141 0.110725 0.104873 0.0642609 1 
1 342 0.715302 0.108419 0.109363 0.0669156 1 
1 343 0.710416 0.105909 0.113687 0.0699884 1 
1 344 0.705746 0.103144 0.117766 0.0733438 1 
1 345 0.701504 0.100094 0.121546 0.0768547 1 
1 346 0.697843 0.0967552 0.124995 0.0804076 1 
1 347 0.694848 0.0931449 0.128101 0.0839062 1 
1 348 0.692542 0.0893061 0.130876 0.0872759 1 
1 349 0.690878 0.0853043 0.133351 0.090466 1 
1 350 0.689745 0.0812262 0.135578 0.0934512 1 
1 351 0.688972 0.0771774 0.137618 0.0962326 1 
1 352 0.688337 0.0732797 0.139547 0.0988366 1 
1 353 0.687573 0.0696671 0.141446 0.101314 1 
1 354 0.686381 0.0664827 0.1434 0.103736 1 
1 355 0.684444 0.0638739 0.14549 0.106192 1 
1 356 0.681436 0.0619884 0.147792 0.108783 1 
1 357 0.677039 0.0609696 0.150371 0.111621 1 
1 358 0.670956 0.0609523 0.153276 0.114816 1 
1 359 0.662922 0.0620583 0.156542 0.118478 1 
1 360 0.65272 0.0643921 0.160182 0.122706 1 
1 361 0.64019 0.0680376 0.164187 0.127585 1 
1 362 0.625238 0.0730546 0.168526 0.133181 1 
1 363 0.607843 0.0794759 0.173148 0.139533 1 
1 364 0.58806 0.0873053 0.177978 0.146656 1 
1 365 0.566028 0.0965161 0.182923 0.154533 1 
1 366 0.541963 0.10705 0.187871 0.163116 1 
1 367 0.516157 0.118818 0.192701 0.172324 1 
1 368 0.488973 0.1317 0.197278 0.182049 1 
1 369 0.460837 0.145546 0.201464 0.192152 1 
1 370 0.432227 0.160181 0.205123 0.202469 1 
1 371 0.40366 0.175403 0.20812 0.212817 1 
1 372 0.375678 0.190993 0.210333 0.222996 1 
1 373 0.348838 0.206713 0.21165 0.232799 1 
1 374 0.323689 0.222314 0.211981 0.242016 1 
1 375 0.300761 0.237543 0.211258 0.250438 1 
1 376 0.280553 0.252143 0.209434 0.25787 1 
1 377 0.263511 0.265862 0.206494 0.264133 1 
1 378 0.250021 0.278461 0.202448 0.26907 1 
1 379 0.240396 0.289714 0.197337 0.272554 1 
1 380 0.234867 0.299417 0.191227 0.274489 1 
1 381 0.233577 0.307392 0.184216 0.274816 1 
1 382 0.236574 0.313492 0.17642 0.273515 1 
1 383 0.243814 0.317603 0.167979 0.270604 1 
1 384 0.255158 0.319651 0.159052 0.26614 1 
1 385 0.270377 0.319599 0.149806 0.260218 1 
1 386 0.28916 0.317452 0.140419 0.252968 1 
1 387 0.311121 0.313258 0.131071 0.244549 1 
1 388 0.33581 0.307103 0.121939 0.235148 1 
1 389 0.362725 0.299114 0.113193 0.224969 1 
1 390 0.391326 0.289452 0.104988 0.214234 1 
1 391 0.42105 0.278314 0.0974672 0.203169 1 
1 392 0.451324 0.265923 0.0907491 0.192003 1 
1 393 0.481585 0.252525 0.0849311 0.180959 1 
1 394 0.511285 0.238384 0.0800846 0.170247 1 
1 395 0.539913 0.223773 0.0762543 0.16006 1 
1 396 0.567004 0.20897 0.073458 0.150568 1 
1 397 0.592148 0.19425 0.0716868 0.141915 1 
1 398 0.615001 0.179878 0.0709066 0.134214 1 
1 399 0.63529 0.166101 0.0710607 0.127549 1 
1 400 0.652815 0.153146 0.0720721 0.121967 1 
1 401 0.667455 0.141209 0.0738474 0.117488 1 
1 402 0.679164 0.130456 0.0762806 0.114099 1 
1 403 0.687972 0.121014 0.0792577 0.111757 1 
1 404 0.693972 0.112971 0.0826604 0.110397 1 
1 405 0.697324 0.106374 0.0863711 0.109931 1 
1 406 0.698237 0.101229 0.0902766 0.110257 1 
1 407 0.696966 0.0975014 0.0942723 0.11126 1 
1 408 0.693798 0.0951183 0.098265 0.112819 1 
1 409 0.68904 0.0939716 0.102176 0.114813 1 
1 410 0.683011 0.0939224 0.105943 0.117124 1 
1 411 0.676029 0.094807 0.109522 0.119642 1 
1 412 0.668399 0.0964425 0.112886 0.122272 1 
1 413 0.660408 0.0986336 0.116026 0.124932 1 
1 414 0.652309 0.10118 0.118951 0.127559 1 
1 415 0.644322 0.103884 0.121684 0.13011 1 
1 416 0.636621 0.106557 0.124261 0.132561 1 
1 417 0.629336 0.109027 0.126728 0.134909 1 
1 418 0.622547 0.111145 0.129138 0.137169 1 
1 419 0.616288 0.112791 0.131546 0.139375 1 
1 420 0.610541 0.113878 0.134008 0.141574 1 
1 421 0.605247 0.114355 0.136575 0.143823 1 
1 422 0.600307 0.114211 0.139293 0.146189 1 
1 423 0.595587 0.113475 0.142196 0.148742 1 
1 424 0.590927 0.112215 0.145307 0.151551 1 
1 425 0.586146 0.110536 0.148634 0.154684 1 
1 426 0.581054 0.108578 0.15217 0.158198 1 
1 427 0.575456 0.106508 0.155892 0.162143 1 
1 428 0.569163 0.104521 0.159762 0.166554 1 
1 429 0.562001 0.102824 0.163727 0.171448 1 
1 430 0.553815 0.101635 0.16772 0.17683 1 
1 431 0.544479 0.101175 0.171664 0.182683 1 
1 432 0.5339 0.101655 0.175472 0.188974 1 
1 433 0.522024 0.103271 0.179054 0.195652 1 
1 434 0.508837 0.106196 0.182317 0.202651 1 
1 435 0.494371 0.110572 0.185169 0.209889 1 
1 436 0.478699 0.116503 0.187524 0.217274 1 
1 437 0.461942 0.124051 0.189305 0.224703 1 
1 438 0.444259 0.133228 0.190444 0.232069 1 
1 439 0.425849 0.144001 0.19089 0.23926 1 
1 440 0.406948 0.15628 0.190608 0.246165 1 
1 441 0.387817 0.169927 0.18958 0.252676 1 
1 442 0.368745 0.184758 0.187806 0.258691 1 
1 443 0.350034 0.200539 0.185309 0.264118 1 
1 444 0.332 0.217 0.182126 0.268874 1 
1 445 0.314958 0.233838 0.178314 0.27289 1 
1 446 0.29922 0.250723 0.173947 0.27611 1 
1 447 0.285087 0.267311 0.16911 0.278492 1 
1 448 0.272839 0.283249 0.1639 0.280011 1 
1 449 0.262733 0.298191 0.158422 0.280655 1 
1 450 0.254993 0.311799 0.152783 0.280425 1 
1 451 0.249807 0.323761 0.147092 0.279339 1 
1 452 0.247323 0.333798 0.141457 0.277423 1 
1 453 0.247642 0.341668 0.135976 0.274714 1 
1 454 0.250821 0.347178 0.130741 0.27126 1 
1 455 0.256864 0.35019 0.125832 0.267113 1 
1 456 0.265731 0.350621 0.121315 0.262333 1 
1 457 0.277327 0.34845 0.117239 0.256983 1 
1 458 0.291514 0.343716 0.113641 0.251129 1 
1 459 0.308106 0.33652 0.110537 0.244838 1 
1 460 0.326874 0.327017 0.107932 0.238177 1 
1 461 0.347553 0.315419 0.105813 0.231215 1 
1 462 0.369842 0.301983 0.104154 0.22402 1 
1 463 0.393415 0.287005 0.102921 0.216658 1 
1 464 0.417922 0.270814 0.102069 0.209195 1 
1 465 0.442996 0.253759 0.101547 0.201698 1 
1 466 0.468266 0.236202 0.101302 0.194231 1 
1 467 0.493355 0.218505 0.101282 0.186858 1 
1 468 0.517894 0.201024 0.101436 0.179646 1 
1 469 0.541526 0.184095 0.10172 0.172659 1 
1 470 0.563914 0.168027 0.102096 0.165962 1 
1 471 0.584748 0.153095 0.102538 0.159618 1 
1 472 0.603747 0.139531 0.103029 0.153693 1 
1 473 0.620673 0.127518 0.103563 0.148246 1 
1 474 0.635325 0.117191 0.104146 0.143338 1 
1 475 0.647552 0.108628 0.104796 0.139024 1 
1 476 0.657252 0.101856 0.105538 0.135353 1 
1 477 0.664372 0.0968478 0.106409 0.132371 1 
1 478 0.668913 0.0935272 0.107448 0.130112 1 
1 479 0.670924 0.0917727 0.1087 0.128603 1 
1 480 0.670508 0.0914238 0.11021 0.127859 1 
1 481 0.66781 0.0922875 0.11202 0.127882 1 
1 482 0.66302 0.0941469 0.114169 0.128664 1 
1 483 0.656366 0.0967689 0.116685 0.130179 1 
1 484 0.648106 0.0999137 0.119589 0.132392 1 
1 485 0.638522 0.103343 0.122886 0.135249 1 
1 486 0.627914 0.106831 0.126568 0.138687 1 
1 487 0.61659 0.110168 0.130614 0.142628 1 
1 488 0.604859 0.11317 0.134983 0.146988 1 
1 489 0.593021 0.115689 0.139621 0.15167 1 
1 490 0.581359 0.117609 0.144458 0.156574 1 
1 491 0.570133 0.118858 0.149412 0.161597 1 
1 492 0.559571 0.119405 0.154388 0.166636 1 
1 493 0.549864 0.119261 0.159284 0.17159 1 
1 494 0.541159 0.118482 0.163993 0.176367 1 
1 495 0.533555 0.117161 0.168404 0.18088 1 
1 496 0.527106 0.115426 0.172409 0.185059 1 
1 497 0.52181 0.113437 0.175908 0.188845 1 
1 498 0.51762 0.111376 0.178806 0.192198 1 
1 499 0.514439 0.109444 0.181024 0.195093 1 
1 500 0.512129 0.10785 0.182497 0.197525 1 
1 501 0.510511 0.106803 0.18318 0.199507 1 
1 502 0.509376 0.106507 0.183047 0.20107 1 
1 503 0.508492 0.107152 0.182095 0.202261 1 
1 504 0.507614 0.108903 0.180342 0.203141 1 
1 505 0.506488 0.1119 0.17783 0.203783 1 
1 506 0.504869 0.116246 0.174619 0.204267 1 
1 507 0.502524 0.122006 0.170791 0.204678 1 
1 508 0.499249 0.129205 0.166445 0.205101 1 
1 509 0.494869 0.137821 0.16169 0.20562 1 
1 510 0.489255 0.147788 0.15665 0.206307 1 
1 511 0.482326 0.158998 0.151451 0.207226 1 
1 512 0.474054 0.171299 0.146222 0.208425 1 
1 513 0.464471 0.184502 0.141092 0.209935 1 
1 514 0.45367 0.198385 0.13618 0.211765 1 
1 515 0.441803 0.212699 0.131595 0.213904 1 
1 516 0.429078 0.227171 0.127432 0.216318 1 
1 517 0.41576 0.241518 0.12377 0.218952 1 
1 518 0.402158 0.255448 0.120665 0.221729 1 
1 519 0.388621 0.26867 0.118156 0.224553 1 
1 520 0.375529 0.280905 0.116254 0.227312 1 
1 521 0.363277 0.291887 0.114953 0.229883 1 
1 522 0.352268 0.301376 0.114222 0.232134 1 
1 523 0.342898 0.309162 0.114011 0.233929 1 
1 524 0.335545 0.315067 0.114254 0.235134 1 
1 525 0.330554 0.318955 0.114867 0.235625 1 
1 526 0.328224 0.320732 0.115758 0.235286 1 
1 527 0.328803 0.320349 0.116828 0.23402 1 
1 528 0.33247 0.317801 0.117975 0.231754 1 
1 529 0.339335 0.313131 0.119097 0.228437 1 
1 530 0.349428 0.306423 0.120102 0.224047 1 
1 531 0.362697 0.297803 0.120905 0.218595 1 
1 532 0.379008 0.287435 0.121437 0.21212 1 
1 533 0.398146 0.275515 0.121644 0.204696 1 
1 534 0.419817 0.262267 0.121492 0.196424 1 
1 535 0.443658 0.247936 0.12097 0.187436 1 
1 536 0.469242 0.232784 0.120087 0.177887 1 
1 537 0.496092 0.217081 0.118874 0.167953 1 
1 538 0.523693 0.201099 0.117383 0.157825 1 
1 539 0.551502 0.185107 0.115686 0.147705 1 
1 540 0.578969 0.169364 0.113871 0.137796 1 
1 541 0.605548 0.154112 0.112038 0.128302 1 
1 542 0.630711 0.139576 0.110297 0.119416 1 
1 543 0.65397 0.125951 0.108764 0.111316 1 
1 544 0.67488 0.113407 0.107553 0.104159 1 
1 545 0.693063 0.102083 0.106776 0.0980781 1 
1 546 0.708208 0.0920823 0.106534 0.0931757 1 
1 547 0.720088 0.0834764 0.106915 0.0895214 1 
1 548 0.728559 0.0763025 0.107989 0.08715 1 
1 549 0.733569 0.0705646 0.109806 0.0860609 1 
1 550 0.735155 0.0662354 0.112391 0.0862181 1 
1 551 0.733443 0.0632591 0.115746 0.0875519 1 
1 552 0.728642 0.0615539 0.119843 0.0899619 1 
1 553 0.721035 0.061016 0.124629 0.0933201 1 
1 554 0.710972 0.0615237 0.130028 0.0974765 1 
1 555 0.698859 0.0629417 0.135935 0.102264 1 
1 556 0.685142 0.0651259 0.142229 0.107503 1 
1 557 0.670291 0.0679278 0.14877 0.113012 1 
1 558 0.65479 0.0711994 0.155403 0.118608 1 
1 559 0.639119 0.0747972 0.161967 0.124118 1 
1 560 0.623736 0.0785868 0.168297 0.12938 1 
1 561 0.609068 0.0824465 0.174231 0.134254 1 
1 562 0.595495 0.0862703 0.179613 0.138621 1 
1 563 0.583337 0.0899709 0.184302 0.14239 1 
1 564 0.572848 0.0934817 0.188172 0.145498 1 
1 565 0.564207 0.0967579 0.191119 0.147915 1 
1 566 0.557515 0.0997777 0.193067 0.14964 1 
1 567 0.55279 0.102542 0.193964 0.150703 1 
1 568 0.549973 0.105073 0.193791 0.151163 1 
1 569 0.548927 0.107414 0.192558 0.1511 1 
1 570 0.549446 0.109628 0.190306 0.15062 1 
1 571 0.551263 0.111793 0.187104 0.149841 1 
1 572 0.554058 0.113998 0.183049 0.148895 1 
1 573 0.557475 0.116345 0.178264 0.147916 1 
1 574 0.561133 0.118938 0.172889 0.14704 1 
1 575 0.564639 0.121885 0.167081 0.146396 1 
1 576 0.567603 0.125289 0.161008 0.1461 1 
1 577 0.569656 0.129247 0.154842 0.146254 1 
1 578 0.570458 0.133846 0.148757 0.146938 1 
1 579 0.569716 0.139155 0.14292 0.148208 1 
1 580 0.567191 0.145227 0.137488 0.150094 1 
1 581 0.562708 0.152092 0.132601 0.152599 1 
1 582 0.556167 0.159757 0.12838 0.155696 1 
1 583 0.547542 0.168202 0.124924 0.159332 1 
1 584 0.536885 0.17738 0.122304 0.163431 1 
1 585 0.524328 0.187217 0.120564 0.167891 1 
1 586 0.510075 0.197612 0.11972 0.172593 1 
1 587 0.4944 0.208438 0.119759 0.177403 1 
1 588 0.47764 0.219544 0.12064 0.182176 1 
1 589 0.46018 0.230758 0.122297 0.186765 1 
1 590 0.442447 0.241889 0.124643 0.19102 1 
1 591 0.424893 0.252736 0.127571 0.1948 1 
1 592 0.407983 0.263085 0.130959 0.197973 1 
1 593 0.392182 0.272722 0.134676 0.200421 1 
1 594 0.377936 0.281432 0.138584 0.202047 1 
1 595 0.365666 0.28901 0.142548 0.202776 1 
1 596 0.355746 0.295261 0.146436 0.202557 1 
1 597 0.348501 0.300012 0.150124 0.201363 1 
1 598 0.344189 0.303109 0.153504 0.199198 1 
1 599 0.342996 0.304431 0.156485 0.196089 1 
1 600 0.345032 0.303886 0.158995 0.192088 1 
1 601 0.350325 0.301418 0.160986 0.187271 1 
1 602 0.358822 0.297012 0.162433 0.181733 1 
1 603 0.370389 0.290689 0.163335 0.175587 1 
1 604 0.384812 0.282514 0.163715 0.168958 1 
1 605 0.401811 0.272588 0.163621 0.16198 1 
1 606 0.421039 0.261054 0.163116 0.154791 1 
1 607 0.442097 0.248088 0.162286 0.14753 1 
1 608 0.464542 0.233899 0.161228 0.140331 1 
1 609 0.487904 0.218724 0.160049 0.133323 1 
1 610 0.511693 0.202823 0.158862 0.126622 1 
1 611 0.535416 0.18647 0.157782 0.120332 1 
1 612 0.55859 0.169951 0.156919 0.114541 1 
1 613 0.580751 0.153554 0.156377 0.109318 1 
1 614 0.601473 0.137563 0.156246 0.104719 1 
1 615 0.620369 0.122251 0.156602 0.100778 1 
1 616 0.637111 0.107875 0.157502 0.097512 1 
1 617 0.651428 0.0946671 0.158981 0.0949241 1 
1 618 0.663117 0.0828293 0.161053 0.0930009 1 
1 619 0.672047 0.0725306 0.163706 0.0917169 1 
1 620 0.678155 0.063902 0.166906 0.0910363 1 
1 621 0.681455 0.0570334 0.170597 0.0909149 1 
1 622 0.682024 0.0519726 0.1747 0.0913035 1 
1 623 0.680008 0.0487247 0.179118 0.0921495 1 
1 624 0.675608 0.0472526 0.183739 0.0933996 1 
1 625 0.66908 0.0474795 0.188439 0.0950016 1 
1 626 0.660717 0.0492917 0.193085 0.0969062 1 
1 627 0.650849 0.0525429 0.19754 0.0990683 1 
1 628 0.639823 0.0570591 0.20167 0.101448 1 
1 629 0.628001 0.0626448 0.205343 0.104011 1 
1 630 0.615742 0.0690894 0.208441 0.106727 1 
1 631 0.603396 0.0761736 0.210855 0.109575 1 
1 632 0.591292 0.0836768 0.212496 0.112536 1 
1 633 0.579729 0.0913839 0.213293 0.115594 1 
1 634 0.568969 0.0990919 0.2132 0.118739 1 
1 635 0.559229 0.106616 0.212193 0.121962 1 
1 636 0.550678 0.113795 0.210274 0.125253 1 
1 637 0.54343 0.120497 0.207469 0.128603 1 
1 638 0.537546 0.12662 0.203831 0.132004 1 
1 639 0.533029 0.132098 0.199432 0.135442 1 
1 640 0.529829 0.1369 0.194368 0.138903 1 
1 641 0.527848 0.141031 0.188751 0.14237 1 
1 642 0.526937 0.144531 0.182709 0.145824 1 
1 643 0.526909 0.14747 0.17638 0.149242 1 
1 644 0.527543 0.149949 0.169908 0.1526 1 
1 645 0.528592 0.152091 0.163442 0.155876 1 
1 646 0.529792 0.154038 0.157127 0.159043 1 
1 647 0.53087 0.155946 0.151104 0.16208 1 
1 648 0.531557 0.157975 0.145503 0.164965 1 
1 649 0.531591 0.160287 0.140441 0.167681 1 
1 650 0.530731 0.163033 0.13602 0.170216 1 
1 651 0.528764 0.166354 0.132322 0.172561 1 
1 652 0.52551 0.170367 0.129408 0.174715 1 
1 653 0.520833 0.175167 0.127318 0.176682 1 
1 654 0.514643 0.180816 0.12607 0.17847 1 
1 655 0.5069 0.187344 0.125659 0.180097 1 
1 656 0.497618 0.194745 0.126058 0.18158 1 
1 657 0.486865 0.202972 0.12722 0.182943 1 
1 658 0.474763 0.211944 0.129081 0.184212 1 
1 659 0.461486 0.221542 0.131561 0.185411 1 
1 660 0.447254 0.231612 0.134568 0.186565 1 
1 661 0.432334 0.241971 0.138 0.187696 1 
1 662 0.417025 0.25241 0.141748 0.188817 1 
1 663 0.401658 0.262698 0.145704 0.18994 1 
1 664 0.386585 0.272593 0.149757 0.191065 1 
1 665 0.372169 0.281844 0.153804 0.192184 1 
1 666 0.358775 0.290201 0.157746 0.193278 1 
1 667 0.34676 0.297424 0.161497 0.194319 1 
1 668 0.336466 0.303285 0.16498 0.195269 1 
1 669 0.328204 0.307579 0.168136 0.19608 1 
1 670 0.322254 0.310132 0.170918 0.196696 1 
1 671 0.318847 0.310801 0.173296 0.197056 1 
1 672 0.318166 0.309484 0.175256 0.197094 1 
1 673 0.320336 0.30612 0.1768 0.196743 1 
1 674 0.325422 0.300696 0.177944 0.195939 1 
1 675 0.333422 0.293241 0.178716 0.194621 1 
1 676 0.34427 0.283834 0.179157 0.192739 1 
1 677 0.357835 0.272599 0.179315 0.190251 1 
1 678 0.373923 0.259699 0.179247 0.187132 1 
1 679 0.392279 0.245338 0.179011 0.183372 1 
1 680 0.412597 0.229754 0.178668 0.17898 1 
1 681 0.434524 0.213212 0.178277 0.173986 1 
1 682 0.457667 0.196 0.177892 0.168441 1 
1 683 0.481606 0.178418 0.177562 0.162415 1 
1 684 0.505901 0.160775 0.177325 0.156 1 
1 685 0.530104 0.143379 0.177211 0.149306 1 
1 686 0.553771 0.12653 0.17724 0.142459 1 
1 687 0.576473 0.110514 0.177415 0.135598 1 
1 688 0.597805 0.0955929 0.177731 0.12887 1 
1 689 0.617398 0.0820035 0.17817 0.122429 1 
1 690 0.634926 0.069948 0.178699 0.116428 1 
1 691 0.650116 0.0595921 0.179278 0.111014 1 
1 692 0.662756 0.0510607 0.179857 0.106327 1 
1 693 0.672695 0.0444368 0.180378 0.10249 1 
1 694 0.679852 0.0397596 0.180779 0.0996101 1 
1 695 0.684211 0.0370259 0.180995 0.0977684 1 
1 696 0.685827 0.0361904 0.18096 0.0970222 1 
1 697 0.684819 0.037169 0.180613 0.0973995 1 
1 698 0.681365 0.0398422 0.179895 0.0988986 1 
1 699 0.675699 0.0440591 0.178755 0.101487 1 
1 700 0.668102 0.0496428 0.177152 0.105103 1 
1 701 0.658892 0.0563958 0.175056 0.109657 1 
1 702 0.648413 0.0641064 0.17245 0.11503 1 
1 703 0.637029 0.0725546 0.16933 0.121087 1 
1 704 0.625105 0.0815187 0.165707 0.127669 1 
1 705 0.613002 0.0907812 0.161607 0.13461 1 
1 706 0.601063 0.100135 0.15707 0.141732 1 
1 707 0.589604 0.109388 0.15215 0.148858 1 
1 708 0.578902 0.118368 0.146912 0.155817 1 
1 709 0.56919 0.12693 0.141435 0.162446 1 
1 710 0.560646 0.134952 0.135803 0.168599 1 
1 711 0.553392 0.142344 0.130111 0.174153 1 
1 712 0.547491 0.149049 0.124454 0.179006 1 
1 713 0.542941 0.155037 0.118933 0.183089 1 
1 714 0.539683 0.160312 0.113645 0.18636 1 
1 715 0.537596 0.164906 0.108686 0.188813 1 
1 716 0.536511 0.168877 0.104143 0.190469 1 
1 717 0.536209 0.172309 0.100099 0.191383 1 
1 718 0.536438 0.175303 0.0966231 0.191637 1 
1 719 0.536914 0.177975 0.093774 0.191337 1 
1 720 0.537339 0.180453 0.091597 0.190611 1 
1 721 0.537408 0.182868 0.090123 0.189601 1 
1 722 0.536823 0.185352 0.0893681 0.188457 1 
1 723 0.535302 0.188032 0.0893335 0.187332 1 
1 724 0.532593 0.191023 0.0900059 0.186379 1 
1 725 0.528482 0.194424 0.091358 0.185737 1 
1 726 0.522803 0.198316 0.09335 0.185532 1 
1 727 0.515446 0.202756 0.0959309 0.185867 1 
1 728 0.506362 0.207775 0.09904 0.186823 1 
1 729 0.495567 0.213376 0.102609 0.188448 1 
1 730 0.483142 0.219531 0.106565 0.190762 1 
1 731 0.469238 0.226183 0.110831 0.193749 1 
1 732 0.454065 0.233245 0.115328 0.197361 1 
1 733 0.437896 0.240604 0.11998 0.20152 1 
1 734 0.421052 0.248119 0.124713 0.206117 1 
1 735 0.403899 0.255628 0.129456 0.211017 1 
1 736 0.386838 0.262952 0.134146 0.216064 1 
1 737 0.370289 0.269896 0.138727 0.221088 1 
1 738 0.354682 0.27626 0.143149 0.225908 1 
1 739 0.340447 0.281838 0.147374 0.230341 1 
1 740 0.327995 0.28643 0.15137 0.234205 1 
1 741 0.317709 0.289845 0.155113 0.237332 1 
1 742 0.309934 0.291907 0.158589 0.23957 1 
1 743 0.304964 0.29246 0.16179 0.240786 1 
1 744 0.30303 0.291377 0.164713 0.24088 1 
1 745 0.3043 0.288558 0.167362 0.23978 1 
1 746 0.308864 0.283943 0.169742 0.23745 1 
1 747 0.31674 0.277507 0.171863 0.23389 1 
1 748 0.327864 0.269265 0.173734 0.229137 1 
1 749 0.342095 0.259277 0.175363 0.223265 1 
1 750 0.359221 0.247641 0.176757 0.216381 1 
1 751 0.378957 0.234499 0.177921 0.208623 1 
1 752 0.400958 0.220029 0.178856 0.200156 1 
1 753 0.424827 0.204447 0.179559 0.191167 1 
1 754 0.450123 0.187998 0.180021 0.181857 1 
1 755 0.476375 0.170955 0.180234 0.172437 1 
1 756 0.503092 0.153608 0.18018 0.16312 1 
1 757 0.529778 0.136265 0.179844 0.154113 1 
1 758 0.555943 0.119236 0.179205 0.145616 1 
1 759 0.581116 0.102832 0.178243 0.13781 1 
1 760 0.604857 0.087355 0.176937 0.130851 1 
1 761 0.626767 0.0730902 0.175269 0.124874 1 
1 762 0.646496 0.0603 0.173225 0.119979 1 
1 763 0.663755 0.0492165 0.170794 0.116235 1 
1 764 0.678315 0.0400359 0.167972 0.113678 1 
1 765 0.690017 0.0329136 0.164761 0.112308 1 
1 766 0.698773 0.0279598 0.161173 0.112095 1 
1 767 0.70456 0.025237 0.157227 0.112975 1 
1 768 0.707428 0.0247586 0.152953 0.11486 1 
1 769 0.707486 0.0264881 0.148389 0.117637 1 
1 770 0.704903 0.0303408 0.143582 0.121174 1 
1 771 0.699898 0.036186 0.138588 0.125328 1 
1 772 0.692733 0.0438506 0.133469 0.129947 1 
1 773 0.683703 0.0531246 0.128296 0.134877 1 
1 774 0.673125 0.0637662 0.123141 0.139968 1 
1 775 0.661329 0.0755094 0.118082 0.145079 1 
1 776 0.64865 0.0880713 0.113196 0.150083 1 
1 777 0.635412 0.10116 0.10856 0.154868 1 
1 778 0.621925 0.114483 0.104246 0.159346 1 
1 779 0.608474 0.127754 0.100322 0.163449 1 
1 780 0.59531 0.140705 0.096851 0.167134 1 
1 781 0.582645 0.153088 0.0938843 0.170382 1 
1 782 0.570651 0.164687 0.091465 0.173197 1 
1 783 0.559451 0.175319 0.0896249 0.175605 1 
1 784 0.549122 0.184842 0.088384 0.177652 1 
1 785 0.539694 0.193157 0.0877504 0.179399 1 
1 786 0.531148 0.20021 0.0877205 0.180921 1 
1 787 0.523427 0.205994 0.0882791 0.1823 1 
1 788 0.516434 0.210543 0.0894006 0.183622 1 
1 789 0.51004 0.213937 0.0910502 0.184973 1 
1 790 0.504088 0.216292 0.0931852 0.186435 1 
1 791 0.498406 0.217756 0.0957568 0.188081 1 
1 792 0.492808 0.218507 0.0987123 0.189973 1 
1 793 0.487107 0.21874 0.101997 0.192157 1 
1 794 0.48112 0.218662 0.105555 0.194663 1 
1 795 0.474677 0.218485 0.109334 0.197504 1 
1 796 0.467628 0.218417 0.113283 0.200671 1 
1 797 0.45985 0.218651 0.117359 0.20414 1 
1 798 0.45125 0.219361 0.121523 0.207866 1 
1 799 0.441773 0.220693 0.125743 0.211791 1 
1 800 0.431403 0.222761 0.129996 0.21584 1 
1 801 0.420168 0.225637 0.134267 0.219928 1 
1 802 0.408136 0.229354 0.138547 0.223964 1 
1 803 0.395419 0.233899 0.142834 0.227848 1 
1 804 0.382172 0.239213 0.147133 0.231482 1 
1 805 0.368585 0.245195 0.151451 0.234768 1 
1 806 0.354883 0.251702 0.155799 0.237616 1 
1 807 0.341321 0.258552 0.160187 0.239941 1 
1 808 0.328174 0.265531 0.164625 0.24167 1 
1 809 0.315737 0.272401 0.169119 0.242744 1 
1 810 0.304311 0.278905 0.173668 0.243116 1 
1 811 0.2942 0.284777 0.178266 0.242757 1 
1 812 0.285701 0.289751 0.182898 0.241651 1 
1 813 0.279095 0.29357 0.187537 0.239799 1 
1 814 0.274643 0.295993 0.192147 0.237217 1 
1 815 0.272576 0.296807 0.196683 0.233935 1 
1 816 0.273089 0.295834 0.201086 0.229992 1 
1 817 0.276335 0.292935 0.205289 0.225441 1 
1 818 0.28242 0.288022 0.209218 0.220341 1 
1 819 0.291399 0.281054 0.212789 0.214758 1 
1 820 0.303272 0.272049 0.215917 0.208762 1 
1 821 0.317984 0.261077 0.218514 0.202425 1 
1 822 0.335422 0.248266 0.220493 0.195819 1 
1 823 0.35542 0.233795 0.221771 0.189014 1 
1 824 0.377755 0.217892 0.222273 0.18208 1 
1 825 0.402155 0.200829 0.221935 0.175081 1 
1 826 0.428301 0.182915 0.220705 0.168079 1 
1 827 0.455836 0.164486 0.218549 0.161129 1 
1 828 0.484365 0.145898 0.215451 0.154286 1 
1 829 0.51347 0.127518 0.211413 0.147598 1 
1 830 0.542714 0.109712 0.206461 0.141113 1 
1 831 0.571649 0.0928359 0.200643 0.134873 1 
1 832 0.599828 0.0772257 0.194025 0.128921 1 
1 833 0.626815 0.0631887 0.186698 0.123299 1 
1 834 0.652188 0.050995 0.178769 0.118048 1 
1 835 0.675555 0.0408702 0.170364 0.11321 1 
1 836 0.696561 0.0329897 0.161623 0.108827 1 
1 837 0.714891 0.0274743 0.152693 0.104942 1 
1 838 0.730284 0.0243878 0.143731 0.101597 1 
1 839 0.742533 0.0237357 0.134897 0.098835 1 
1 840 0.751492 0.025466 0.126345 0.0966969 1 
1 841 0.75708 0.0294721 0.118227 0.0952208 1 
1 842 0.759281 0.035596 0.110682 0.0944409 1 
1 843 0.758144 0.0436346 0.103836 0.0943855 1 
1 844 0.753782 0.0533459 0.0977961 0.0950757 1 
1 845 0.74637 0.064457 0.0926493 0.0965234 1 
1 846 0.736139 0.0766723 0.0884592 0.0987299 1 
1 847 0.723368 0.089683 0.0852646 0.101685 1 
1 848 0.708381 0.103176 0.0830792 0.105363 1 
1 849 0.691537 0.116843 0.081891 0.109729 1 
1 850 0.673217 0.130389 0.0816642 0.11473 1 
1 851 0.653819 0.14354 0.0823401 0.120301 1 
1 852 0.633745 0.156053 0.0838399 0.126362 1 
1 853 0.61339 0.167718 0.0860683 0.132824 1 
1 854 0.593133 0.178364 0.0889167 0.139586 1 
1 855 0.573328 0.187864 0.0922677 0.14654 1 
1 856 0.554293 0.196136 0.0959992 0.153572 1 
1 857 0.536302 0.203142 0.0999895 0.160567 1 
1 858 0.519582 0.208889 0.104121 0.167408 1 
1 859 0.504303 0.213424 0.108286 0.173987 1 
1 860 0.490579 0.216833 0.112388 0.1802 1 
1 861 0.478464 0.219235 0.116346 0.185955 1 
1 862 0.467954 0.220774 0.120101 0.191172 1 
1 863 0.458988 0.221614 0.123609 0.195789 1 
1 864 0.451454 0.221933 0.126853 0.19976 1 
1 865 0.445193 0.221914 0.129833 0.203059 1 
1 866 0.440009 0.221738 0.132573 0.20568 1 
1 867 0.435676 0.221577 0.135113 0.207634 1 
1 868 0.431948 0.221587 0.137513 0.208952 1 
1 869 0.42857 0.221903 0.139843 0.209683 1 
1 870 0.425292 0.222634 0.142184 0.20989 1 
1 871 0.421875 0.223856 0.144623 0.209646 1 
1 872 0.418105 0.225616 0.147245 0.209034 1 
1 873 0.413803 0.227921 0.150134 0.208141 1 
1 874 0.408833 0.230748 0.153364 0.207055 1 
1 875 0.40311 0.234036 0.156993 0.20586 1 
1 876 0.396606 0.237694 0.161067 0.204633 1 
1 877 0.389352 0.241601 0.165607 0.203439 1 
1 878 0.381444 0.245613 0.170614 0.20233 1 
1 879 0.373036 0.249563 0.176061 0.201341 1 
1 880 0.364343 0.253273 0.181898 0.200486 1 
1 881 0.355634 0.256557 0.188048 0.199761 1 
1 882 0.347222 0.259225 0.194411 0.199141 1 
1 883 0.33946 0.261096 0.200863 0.198581 1 
1 884 0.332724 0.261995 0.207263 0.198018 1 
1 885 0.327408 0.261767 0.213453 0.197373 1 
1 886 0.323901 0.260279 0.219267 0.196553 1 
